# k_h
1.028686892823315140e-05
1.044663898024155136e-05
1.060889049378086729e-05
1.077366200956160869e-05
1.094099266688772210e-05
1.111092221295343839e-05
1.128349101228487799e-05
1.145874005632793189e-05
1.163671097318542377e-05
1.181744603750512360e-05
1.200098818052173488e-05
1.218738100025444286e-05
1.237666877186324592e-05
1.256889645816574542e-05
1.276410972031766362e-05
1.296235492865885161e-05
1.316367917372815823e-05
1.336813027744895414e-05
1.357575680448882114e-05
1.378660807379522610e-05
1.400073417031080659e-05
1.421818595687017385e-05
1.443901508628192818e-05
1.466327401359787687e-05
1.489101600857327684e-05
1.512229516832011946e-05
1.535716643015743515e-05
1.559568558466068299e-05
1.583790928891431302e-05
1.608389507996966459e-05
1.633370138851238839e-05
1.658738755274161329e-05
1.684501383246521830e-05
1.710664142341361196e-05
1.737233247177591208e-05
1.764215008896216806e-05
1.791615836659438043e-05
1.819442239173089482e-05
1.847700826232669466e-05
1.876398310293439015e-05
1.905541508064847507e-05
1.935137342129782860e-05
1.965192842588907790e-05
1.995715148730601522e-05
2.026711510726768545e-05
2.058189291355057169e-05
2.090155967747755217e-05
2.122619133167918506e-05
2.155586498813016715e-05
2.189065895646661783e-05
2.223065276258712935e-05
2.257592716754347847e-05
2.292656418672398818e-05
2.328264710933554635e-05
2.364426051818751368e-05
2.401149030978361293e-05
2.438442371472515348e-05
2.476314931843187636e-05
2.514775708218387220e-05
2.553833836449109760e-05
2.593498594279397979e-05
2.633779403550188917e-05
2.674685832437306433e-05
2.716227597724291164e-05
2.758414567110480938e-05
2.801256761554940002e-05
2.844764357656816753e-05
2.888947690072673455e-05
2.933817253971335778e-05
2.979383707526863566e-05
3.025657874450303857e-05
3.072650746560668983e-05
3.120373486395950523e-05
3.168837429864581462e-05
3.218054088938184757e-05
3.268035154386037265e-05
3.318792498552109279e-05
3.370338178175134679e-05
3.422684437252579767e-05
3.475843709948990518e-05
3.529828623549622219e-05
3.584652001459826502e-05
3.640326866251138356e-05
3.696866442754561164e-05
3.754284161202008622e-05
3.812593660416419196e-05
3.871808791051541268e-05
3.931943618881911430e-05
3.993012428144055223e-05
4.055029724929457181e-05
4.118010240630355233e-05
4.181968935438925964e-05
4.246921001900945620e-05
4.312881868524510277e-05
4.379867203444938700e-05
4.447892918146503652e-05
4.516975171241975574e-05
4.587130372310911050e-05
4.658375185797545290e-05
4.730726534969196639e-05
4.804201605936147390e-05
4.878817851733991578e-05
4.954592996469401147e-05
5.031545039530227324e-05
5.109692259860994283e-05
5.189053220304886262e-05
5.269646772013031094e-05
5.351492058922421207e-05
5.434608522303220835e-05
5.519015905376869612e-05
5.604734258005738759e-05
5.691783941455799478e-05
5.780185633233081470e-05
5.869960331995438784e-05
5.961129362540404966e-05
6.053714380870719102e-05
6.147737379338323030e-05
6.243220691868456686e-05
6.340186999264682381e-05
6.438659334596519171e-05
6.538661088670539797e-05
6.640216015586650677e-05
6.743348238380464323e-05
6.848082254753509756e-05
6.954442942892235017e-05
7.062455567377593402e-05
7.172145785186258347e-05
7.283539651785082402e-05
7.396663627320251779e-05
7.511544582902581174e-05
7.628209806990359680e-05
7.746687011871332081e-05
7.867004340245425562e-05
7.989190371909697717e-05
8.113274130547072519e-05
8.239285090620474287e-05
8.367253184374220433e-05
8.497208808943895395e-05
8.629182833576924336e-05
8.763206606965021593e-05
8.899311964690798842e-05
9.037531236789740499e-05
9.177897255429937041e-05
9.320443362710770197e-05
9.465203418583049131e-05
9.612211808891841700e-05
9.761503453544535141e-05
9.913113814805438054e-05
1.006707890571953933e-04
1.022343529866676976e-04
1.038222013404944982e-04
1.054347112911434509e-04
1.070722658691204552e-04
1.087352540539525257e-04
1.104240708665850867e-04
1.121391174632140736e-04
1.138808012305751738e-04
1.156495358827132482e-04
1.174457415592546468e-04
1.192698449252058092e-04
1.211222792723019496e-04
1.230034846219297997e-04
1.249139078296489539e-04
1.268540026913363324e-04
1.288242300509796615e-04
1.308250579101447194e-04
1.328569615391430561e-04
1.349204235899261178e-04
1.370159342107328494e-04
1.391439911625180195e-04
1.413050999371886953e-04
1.434997738776777631e-04
1.457285342998802162e-04
1.479919106164871495e-04
1.502904404627384118e-04
1.526246698241330840e-04
1.549951531661187339e-04
1.574024535657999712e-04
1.598471428456872808e-04
1.623298017095287169e-04
1.648510198802456272e-04
1.674113962400163437e-04
1.700115389725300136e-04
1.726520657074554269e-04
1.753336036671478550e-04
1.780567898156403298e-04
1.808222710099440032e-04
1.836307041537013596e-04
1.864827563532249185e-04
1.893791050759595070e-04
1.923204383114058354e-04
1.953074547345431575e-04
1.983408638717905370e-04
2.014213862695452071e-04
2.045497536653392531e-04
2.077267091616539162e-04
2.109530074024339424e-04
2.142294147523433076e-04
2.175567094788050668e-04
2.209356819368683952e-04
2.243671347569472477e-04
2.278518830354742206e-04
2.313907545285172405e-04
2.349845898483995737e-04
2.386342426633795630e-04
2.423405799004247046e-04
2.461044819511424881e-04
2.499268428809018803e-04
2.538085706412108317e-04
2.577505872853840647e-04
2.617538291875689616e-04
2.658192472651645989e-04
2.699478072047038855e-04
2.741404896912354519e-04
2.783982906412768468e-04
2.827222214393769885e-04
2.871133091783612174e-04
2.915725969033009088e-04
2.961011438592762741e-04
3.007000257429858587e-04
3.053703349582641540e-04
3.101131808755677147e-04
3.149296900954915812e-04
3.198210067163782398e-04
3.247882926060833056e-04
3.298327276779617874e-04
3.349555101711411799e-04
3.401578569351471396e-04
3.454410037189501576e-04
3.508062054645014801e-04
3.562547366048280989e-04
3.617878913667573935e-04
3.674069840783438499e-04
3.731133494810701719e-04
3.789083430468973240e-04
3.847933413002410262e-04
3.907697421449424636e-04
3.968389651963280247e-04
4.030024521184139572e-04
4.092616669663608404e-04
4.156180965342342508e-04
4.220732507081798794e-04
4.286286628250700207e-04
4.352858900367346791e-04
4.420465136798354595e-04
4.489121396514982520e-04
4.558843987907659138e-04
4.629649472659897228e-04
4.701554669682231368e-04
4.774576659107398319e-04
4.848732786347443777e-04
4.924040666213924276e-04
5.000518187102066716e-04
5.078183515239918224e-04
5.157055099003500075e-04
5.237151673298973435e-04
5.318492264012870778e-04
5.401096192531440856e-04
5.484983080330193585e-04
5.570172853634723642e-04
5.656685748153922983e-04
5.744542313886700103e-04
5.833763420003373716e-04
5.924370259802856512e-04
6.016384355746855206e-04
6.109827564572235066e-04
6.204722082482832602e-04
6.301090450421803881e-04
6.398955559426024176e-04
6.498340656063445343e-04
6.599269347955120718e-04
6.701765609382776814e-04
6.805853786983699074e-04
6.911558605533839154e-04
7.018905173820974954e-04
7.127918990608860146e-04
7.238625950694234541e-04
7.351052351057674314e-04
7.465224897110211977e-04
7.581170709036732245e-04
7.698917328238137625e-04
7.818492723873350604e-04
7.939925299503064948e-04
8.063243899836625237e-04
8.188477817583709713e-04
8.315656800412430825e-04
8.444811058015494953e-04
8.575971269286125674e-04
8.709168589605420247e-04
8.844434658242913061e-04
8.981801605872055845e-04
9.121302062202442601e-04
9.262969163730566018e-04
9.406836561610956108e-04
9.552938429649566977e-04
9.701309472421315583e-04
9.851984933513698028e-04
1.000500060389843821e-03
1.016039283043315396e-03
1.031819852449511812e-03
1.047845517074897813e-03
1.064120083605084224e-03
1.080647417849050400e-03
1.097431445657417928e-03
1.114476153854983319e-03
1.131785591187741075e-03
1.149363869284601583e-03
1.167215163634060171e-03
1.185343714576027850e-03
1.203753828309068368e-03
1.222449877913279418e-03
1.241436304389058939e-03
1.260717617712007587e-03
1.280298397904213511e-03
1.300183296122176370e-03
1.320377035761628216e-03
1.340884413579513821e-03
1.361710300833397823e-03
1.382859644438567135e-03
1.404337468143105087e-03
1.426148873721218334e-03
1.448299042185094074e-03
1.470793235015583136e-03
1.493636795411994308e-03
1.516835149561300642e-03
1.540393807927060467e-03
1.564318366558353421e-03
1.588614508419049611e-03
1.613288004737722199e-03
1.638344716378526723e-03
1.663790595233372851e-03
1.689631685635717070e-03
1.715874125796315467e-03
1.742524149261273766e-03
1.769588086392744845e-03
1.797072365872622816e-03
1.824983516229591483e-03
1.853328167389889283e-03
1.882113052252167365e-03
1.911345008286789932e-03
1.941030979159993810e-03
1.971178016383262014e-03
2.001793280988318526e-03
2.032884045228135032e-03
2.064457694304360543e-03
2.096521728121580018e-03
2.129083763068814663e-03
2.162151533828696702e-03
2.195732895214741898e-03
2.229835824037155242e-03
2.264468420997620829e-03
2.299638912613511787e-03
2.335355653171995120e-03
2.371627126714480772e-03
2.408461949051894126e-03
2.445868869811250283e-03
2.483856774514009349e-03
2.522434686686718386e-03
2.561611770004428804e-03
2.601397330467407863e-03
2.641800818611657765e-03
2.682831831753762757e-03
2.724500116270608084e-03
2.766815569914503770e-03
2.809788244164261855e-03
2.853428346612796491e-03
2.897746243391802028e-03
2.942752461634091498e-03
2.988457691974173193e-03
3.034872791087684599e-03
3.082008784270235356e-03
3.129876868056329694e-03
3.178488412878955130e-03
3.227854965770479700e-03
3.277988253105495239e-03
3.328900183386265029e-03
3.380602850071431128e-03
3.433108534448656157e-03
3.486429708551881754e-03
3.540579038123894962e-03
3.595569385624910758e-03
3.651413813287878070e-03
3.708125586221241738e-03
3.765718175559895110e-03
3.824205261665070046e-03
3.883600737373926748e-03
3.943918711299614077e-03
4.005173511182586604e-03
4.067379687293965970e-03
4.130552015891772281e-03
4.194705502730825680e-03
4.259855386627166805e-03
4.326017143077837482e-03
4.393206487936879463e-03
4.461439381148430729e-03
4.530732030537799708e-03
4.601100895661419492e-03
4.672562691716600561e-03
4.745134393512001440e-03
4.818833239499779181e-03
4.893676735870348612e-03
4.969682660710745235e-03
5.046869068227597885e-03
5.125254293035634047e-03
5.204856954512849729e-03
5.285695961223290176e-03
5.367790515408529112e-03
5.451160117548912477e-03
5.535824570995638745e-03
5.621803986674780811e-03
5.709118787864377910e-03
5.797789715045711251e-03
5.887837830829936031e-03
5.979284524961223438e-03
6.072151519397616520e-03
6.166460873470794302e-03
6.262234989125971436e-03
6.359496616243193699e-03
6.458268858041262689e-03
6.558575176565608136e-03
6.660439398261386312e-03
6.763885719633137665e-03
6.868938712992347234e-03
6.975623332294273067e-03
7.083964919065434754e-03
7.193989208423152461e-03
7.305722335188590162e-03
7.419190840094734216e-03
7.534421676090800879e-03
7.651442214744546416e-03
7.770280252744029767e-03
7.890964018500347399e-03
8.013522178852912001e-03
8.137983845878915198e-03
8.264378583808466155e-03
8.392736416047225784e-03
8.523087832308059650e-03
8.655463795853461650e-03
8.789895750850474504e-03
8.926415629839843519e-03
9.065055861321159175e-03
9.205849377455829069e-03
9.348829621889674646e-03
9.494030557697033176e-03
9.641486675448231528e-03
9.791233001402374625e-03
9.943305105827372412e-03
1.009773911144917768e-02
1.025457170203227658e-02
1.041384013109342838e-02
1.057558223075074841e-02
1.073983642071022621e-02
1.090664171739182987e-02
1.107603774319733218e-02
1.124806473592209442e-02
1.142276355831303193e-02
1.160017570777500603e-02
1.178034332622800336e-02
1.196330921011738366e-02
1.214911682057961267e-02
1.233781029376588428e-02
1.252943445132608490e-02
1.272403481105558072e-02
1.292165759770737277e-02
1.312234975397218173e-02
1.332615895162904754e-02
1.353313360286919134e-02
1.374332287179560672e-02
1.395677668610140372e-02
1.417354574892946452e-02
1.439368155091629888e-02
1.461723638242297049e-02
1.484426334595599119e-02
1.507481636878111111e-02
1.530895021573303039e-02
1.554672050222407481e-02
1.578818370745490099e-02
1.603339718783037757e-02
1.628241919058385709e-02
1.653530886761302859e-02
1.679212628953068512e-02
1.705293245993368817e-02
1.731778932989358130e-02
1.758675981267225283e-02
1.785990779866614836e-02
1.813729817058258934e-02
1.841899681885182313e-02
1.870507065727839563e-02
1.899558763893567648e-02
1.929061677230719737e-02
1.959022813767872379e-02
1.989449290378488000e-02
2.020348334471437288e-02
2.051727285707773130e-02
2.083593597744171425e-02
2.115954840003447801e-02
2.148818699472574215e-02
2.182192982528628061e-02
2.216085616793082511e-02
2.250504653014917186e-02
2.285458266982964490e-02
2.320954761467962021e-02
2.357002568194764905e-02
2.393610249845192633e-02
2.430786502091979509e-02
2.468540155664318905e-02
2.506880178445486038e-02
2.545815677603039881e-02
2.585355901752112162e-02
2.625510243152292741e-02
2.666288239938639087e-02
2.707699578387332343e-02
2.749754095216526417e-02
2.792461779922930307e-02
2.835832777154681170e-02
2.879877389121072648e-02
2.924606078039708457e-02
2.970029468621664115e-02
3.016158350595248006e-02
3.063003681268959208e-02
3.110576588134250295e-02
3.158888371508718901e-02
3.207950507220347358e-02
3.257774649333435718e-02
3.308372632916870004e-02
3.359756476855389057e-02
3.411938386704509857e-02
3.464930757589797239e-02
3.518746177151164944e-02
3.573397428532896353e-02
3.628897493420131515e-02
3.685259555122467889e-02
3.742497001705501203e-02
3.800623429170978118e-02
3.859652644686346890e-02
3.919598669864472057e-02
3.980475744094279233e-02
4.042298327923136286e-02
4.105081106491766801e-02
4.168838993022511846e-02
4.233587132361767147e-02
4.299340904577444999e-02
4.366115928612304686e-02
4.433928065994029860e-02
4.502793424602918870e-02
4.572728362498108129e-02
4.643749491803207674e-02
4.715873682652294702e-02
4.789118067197190715e-02
4.863500043676979162e-02
4.939037280550730158e-02
5.015747720694406497e-02
5.093649585662958501e-02
5.172761380018616600e-02
5.253101895726404458e-02
5.334690216617923864e-02
5.417545722924466817e-02
5.501688095880535173e-02
5.587137322398857270e-02
5.673913699818017992e-02
5.762037840723816667e-02
5.851530677845538653e-02
5.942413469028216821e-02
6.034707802282172906e-02
6.128435600910962094e-02
6.223619128718962945e-02
6.320280995299851212e-02
6.418444161407214910e-02
6.518131944408572798e-02
6.619368023824109826e-02
6.722176446951440287e-02
6.826581634577721935e-02
6.932608386780490795e-02
7.040281888818598899e-02
7.149627717114635794e-02
7.260671845330272933e-02
7.373440650535965923e-02
7.487960919476478738e-02
7.604259854933720364e-02
7.722365082188414886e-02
7.842304655582113537e-02
7.964107065181140477e-02
8.087801243544029406e-02
8.213416572594077480e-02
8.340982890598626354e-02
8.470530499256753720e-02
8.602090170897044863e-02
8.735693155787153941e-02
8.871371189556886971e-02
9.009156500736589801e-02
9.149081818412609091e-02
9.291180380001655414e-02
9.435485939145914214e-02
9.582032773730768394e-02
9.730855694027100433e-02
9.881990050959951755e-02
1.003547174450570983e-01
1.019133723221966742e-01
1.034962353789604106e-01
1.051036826036243488e-01
1.067360958241106578e-01
1.083938627986841957e-01
1.100773773080611501e-01
1.117870392489446474e-01
1.135232547290167676e-01
1.152864361634022700e-01
1.170770023726342146e-01
1.188953786821373843e-01
1.207419970232603695e-01
1.226172960358745401e-01
1.245217211725663381e-01
1.264557248044504700e-01
1.284197663286227031e-01
1.304143122772855601e-01
1.324398364285649110e-01
1.344968199190518521e-01
1.365857513580881200e-01
1.387071269438309995e-01
1.408614505811166262e-01
1.430492340011579322e-01
1.452709968830975806e-01
1.475272669774531087e-01
1.498185802314748460e-01
1.521454809164553557e-01
1.545085217570117131e-01
1.569082640623802316e-01
1.593452778597456987e-01
1.618201420296462856e-01
1.643334444434764730e-01
1.668857821031307920e-01
1.694777612828110014e-01
1.721099976730413594e-01
1.747831165269150555e-01
1.774977528086175149e-01
1.802545513442510017e-01
1.830541669750075928e-01
1.858972647127148936e-01
1.887845198978040373e-01
1.917166183597248108e-01
1.946942565798583935e-01
1.977181418569544102e-01
2.007889924751430077e-01
2.039075378745527078e-01
2.070745188245780577e-01
2.102906875998425129e-01
2.135568081588880285e-01
2.168736563256468131e-01
2.202420199737245010e-01
2.236626992135527792e-01
2.271365065824414720e-01
2.306642672375897041e-01
2.342468191520874488e-01
2.378850133139687739e-01
2.415797139283490103e-01
2.453317986227090963e-01
2.491421586553606016e-01
2.530116991271564308e-01
2.569413391964814330e-01
2.609320122975905543e-01
2.649846663623296461e-01
2.691002640453085126e-01
2.732797829525624445e-01
2.775242158737739606e-01
2.818345710180927832e-01
2.862118722536268201e-01
2.906571593506441786e-01
2.951714882285613739e-01
2.997559312067586412e-01
3.044115772592997926e-01
3.091395322735988604e-01
3.139409193131141862e-01
3.188168788841123091e-01
3.237685692065849774e-01
3.287971664893644119e-01
3.339038652095203674e-01
3.390898783960906715e-01
3.443564379182183499e-01
3.497047947777703891e-01
3.551362194064914823e-01
3.606520019677839084e-01
3.662534526631631149e-01
3.719419020434847067e-01
3.777187013249933001e-01
3.835852227102923284e-01
3.895428597142862048e-01
3.955930274951981462e-01
4.017371631907157847e-01
4.079767262593705923e-01
4.143131988272067967e-01
4.207480860398474798e-01
4.272829164200151464e-01
4.339192422306193397e-01
4.406586398434689800e-01
4.475027101137259988e-01
4.544530787601601673e-01
4.615113967513245763e-01
4.686793406977138310e-01
4.759586132500284728e-01
4.833509435036097979e-01
4.908580874091708623e-01
4.984818281898922843e-01
5.062239767650108524e-01
5.140863721799717734e-01
5.220708820432778952e-01
5.301794029701067945e-01
5.384138610328349506e-01
5.467762122185466644e-01
5.552684428936504046e-01
5.638925702757215941e-01
5.726506429126572151e-01
5.815447411692902246e-01
5.905769777215438276e-01
5.997494980582789292e-01
6.090644809909177004e-01
6.185241391710004644e-01
6.281307196157631667e-01
6.378865042418957465e-01
6.477938104075715575e-01
6.578549914629160389e-01
6.680724373090028978e-01
6.784485749655546627e-01
6.889858691474383123e-01
6.996868228501370579e-01
7.105539779442926474e-01
7.215899157795041541e-01
7.327972577974830592e-01
7.441786661547528103e-01
7.557368443549982162e-01
7.674745378912585236e-01
7.793945348980706456e-01
7.914996668137673774e-01
8.037928090530344072e-01
8.162768816899408364e-01
8.289548501515509038e-01
8.418297259223355145e-01
8.549045672594973722e-01
8.681824799194313158e-01
8.816666178954511990e-01
8.953601841669737160e-01
9.092664314603565723e-01
9.233886630215266678e-01
9.377302334006366591e-01
9.522945492488800179e-01
9.670850701277110550e-01
9.821053093306022497e-01
9.973588347175975644e-01
1.012849269562793530e+00
1.028580293415017666e+00
1.044555642971839227e+00
1.060779112967190407e+00
1.077254557072737207e+00
1.093985888813286955e+00
1.110977082496375390e+00
1.128232174156330814e+00
1.145755262512961226e+00
1.163550509945170841e+00
1.181622143479658771e+00
1.199974455795012940e+00
1.218611806241360007e+00
1.237538621875891476e+00
1.256759398514432302e+00
1.276278701799383297e+00
1.296101168284209404e+00
1.316231506534811802e+00
1.336674498247964804e+00
1.357434999387166830e+00
1.378517941336088848e+00
1.399928332069981352e+00
1.421671257345230366e+00
1.443751881907431978e+00
1.466175450718201878e+00
1.488947290201036555e+00
1.512072809506557425e+00
1.535557501797357727e+00
1.559406945552856305e+00
1.583626805894367662e+00
1.608222835930800843e+00
1.633200878125209643e+00
1.658566865682619129e+00
1.684326823959353403e+00
1.710486871894307148e+00
1.737053223462390772e+00
1.764032189150607222e+00
1.791430177456995843e+00
1.819253696412915788e+00
1.847509355128914343e+00
1.876203865364663104e+00
1.905344043123218256e+00
1.934936810270103669e+00
1.964989196177476138e+00
1.995508339393893493e+00
2.026501489339949558e+00
2.057976008030312443e+00
2.089939371822439274e+00
2.122399173192521360e+00
2.155363122538942466e+00
2.188839050013818177e+00
2.222834907382906788e+00
2.257358769914486363e+00
2.292418838297490602e+00
2.328023440589510162e+00
2.364181034194976938e+00
2.400900207874142378e+00
2.438189683783209549e+00
2.476058319546151854e+00
2.514515110358758854e+00
2.553569191125288906e+00
2.593229838628383632e+00
2.633506473732603936e+00
2.674408663622277249e+00
2.715946124074010370e+00
2.758128721764589120e+00
2.800966476614633383e+00
2.844469564168742082e+00
2.888648318012513094e+00
2.933513232227199286e+00
2.979074963882388793e+00
3.025344335567503151e+00
3.072332337962509818e+00
3.120050132448662694e+00
3.168509053759693384e+00
3.217720612674276559e+00
3.267696498750213063e+00
3.318448583101182514e+00
3.369988921216517941e+00
3.422329755824881747e+00
3.475483519802308852e+00
3.529462839125530937e+00
3.584280535871051221e+00
3.639949631260920082e+00
3.696483348755695175e+00
3.753895117195559905e+00
3.812198573990106976e+00
3.871407568357780438e+00
3.931536164615549112e+00
3.992598645519680023e+00
4.054609515658470720e+00
4.117583504897562641e+00
4.181535571878889357e+00
4.246480907573841002e+00
4.312434938891742675e+00
4.379413332344250342e+00
4.447431997766790879e+00
4.516507092097662657e+00
4.586655023215978844e+00
4.657892453839066249e+00
4.730236305480550740e+00
4.803703762469765159e+00
4.878312276033732964e+00
4.954079568442405268e+00
5.031023637218427602e+00
5.109162759412136268e+00
5.188515495943112121e+00
5.269100696008998774e+00
5.350937501562966325e+00
5.434045351860544493e+00
5.518443988077249784e+00
5.604153457997750998e+00
5.691194120778050980e+00
5.779586651781436046e+00
5.869352047489738489e+00
5.960511630490676893e+00
6.053087054542849010e+00
6.147100309719202293e+00
6.242573727630571057e+00
6.339529986730223499e+00
6.437992117700786388e+00
6.537983508924970266e+00
6.639527912041071289e+00
6.742649447584963873e+00
6.847372610719510533e+00
6.953722277053170586e+00
7.061723708548767853e+00
7.171402559524243436e+00
7.282784882746393684e+00
7.395897135619473595e+00
7.510766186469687966e+00
7.627419320927526947e+00
7.745884248408991368e+00
7.866189108697716925e+00
7.988362478629086105e+00
8.112433378878410650e+00
8.238431280854273453e+00
8.366386113699213922e+00
8.496328271398862597e+00
8.628288620001764997e+00
8.762298504951075984e+00
8.898389758530390381e+00
9.036594707424942641e+00
9.176946180400527453e+00
9.319477516101400738e+00
9.464222570969575088e+00
9.611215727286829491e+00
9.760491901341914911e+00
9.912086551724302197e+00
1.006603568774707114e+01
1.022237587800027825e+01
1.038114425903748383e+01
1.054237854419700327e+01
1.070611703256013669e+01
1.087239861804877172e+01
1.104126279866393823e+01
1.121274968586822318e+01
1.138690001411353947e+01
1.156375515051723468e+01
1.174335710468812977e+01
1.192574853870553042e+01
1.211097277725285082e+01
1.229907381790901866e+01
1.249009634159932247e+01
1.268408572320897676e+01
1.288108804236112448e+01
1.308115009436265375e+01
1.328431940131959266e+01
1.349064422342557990e+01
1.370017357042521411e+01
1.391295721325589874e+01
1.412904569587004922e+01
1.434849034724136096e+01
1.457134329355711877e+01
1.479765747060030279e+01
1.502748663632355708e+01
1.526088538361892510e+01
1.549790915328542873e+01
1.573861424719853730e+01
1.598305784168369925e+01
1.623129800109807874e+01
1.648339369162270529e+01
1.673940479526939740e+01
1.699939212410466283e+01
1.726341743469505374e+01
1.753154344277650978e+01
1.780383383815156151e+01
1.808035329981824546e+01
1.836116751133346270e+01
1.864634317641554162e+01
1.893594803478852384e+01
1.923005087827313986e+01
1.952872156712711060e+01
1.983203104663981975e+01
2.014005136398414564e+01
2.045285568533061138e+01
2.077051831322673792e+01
2.109311470424696466e+01
2.142072148691601186e+01
2.175341647991134764e+01
2.209127871054761982e+01
2.243438843354891787e+01
2.278282715011186355e+01
2.313667762726550237e+01
2.349602391753117203e+01
2.386095137888843709e+01
2.423154669505036907e+01
2.460789789605450650e+01
2.499009437917284160e+01
2.537822693014737396e+01
2.577238774475464922e+01
2.617267045070605747e+01
2.657917012988746919e+01
2.699198334094509022e+01
2.741120814222126967e+01
2.783694411504735555e+01
2.826929238739775840e+01
2.870835565791139743e+01
2.915423822028682466e+01
2.960704598805533649e+01
3.006688651973981763e+01
3.053386904440338157e+01
3.100810448759577298e+01
3.148970549770177030e+01
3.197878647269984498e+01
3.247546358733537630e+01
3.297985482071695174e+01
3.349207998434022926e+01
3.401226075054809428e+01
3.454052068143181486e+01
3.507698525818211266e+01
3.562178191089499535e+01
3.617504004884172275e+01
3.673689109120763874e+01
3.730746849830969580e+01
3.788690780329756080e+01
3.847534664434837026e+01
3.907292479736024404e+01
3.967978420915481053e+01
4.029606903119420025e+01
4.092192565382297431e+01
4.155750274104052266e+01
4.220295126581496703e+01
4.285842454594407513e+01
4.352407828047460470e+01
4.420007058668584676e+01
4.488656203764892183e+01
4.558371570036855047e+01
4.629169717451715371e+01
4.701067463177158601e+01
4.774081885575930073e+01
4.848230328262652478e+01
4.923530404223499346e+01
4.999999999999999289e+01
