# k_h
1.028686892823316157e-05
1.136096761911176145e-05
1.254721792065538466e-05
1.385733048664405942e-05
1.530423833173699677e-05
1.690222416073083878e-05
1.866706224973313510e-05
2.061617669824045151e-05
2.276880513818468899e-05
2.514620064175687730e-05
2.777182999125216156e-05
3.067161378567107022e-05
3.387417746125720441e-05
3.741113687283359468e-05
4.131740570301190019e-05
4.563154288916848600e-05
5.039614188717678189e-05
5.565823448705486953e-05
6.146976375021040440e-05
6.788810424041002989e-05
7.497661135857924819e-05
8.280526526505127549e-05
9.145134390564635396e-05
1.010001942631788552e-04
1.115460836444981396e-04
1.231931237271055579e-04
1.360562891932204366e-04
1.502625382272526622e-04
1.659521367400884628e-04
1.832799607655033469e-04
2.024170680670067668e-04
2.235523570561781526e-04
2.468944876454770565e-04
2.726738748606294394e-04
3.011449880432337523e-04
3.325889119878411293e-04
3.673160681501030922e-04
4.056692123413085938e-04
4.480269853956997395e-04
4.948075511492788792e-04
5.464726709760725498e-04
6.035323604010045528e-04
6.665499531663954258e-04
7.361474563367664814e-04
8.130120113492012024e-04
8.979022968560457230e-04
9.916564449667930603e-04
1.095199841074645519e-03
1.209554611705243587e-03
1.335849752649664879e-03
1.475331955589354038e-03
1.629378064535558224e-03
1.799508929252624512e-03
1.987403957173228264e-03
2.194917760789394379e-03
2.424099249765276909e-03
2.677210606634616852e-03
2.956750337034463882e-03
3.265478182584047318e-03
3.606441896408796310e-03
3.983006812632083893e-03
4.398890770971775055e-03
4.858199041336774826e-03
5.365466233342885971e-03
5.925699137151241302e-03
6.544428411871194839e-03
7.227762136608362198e-03
7.982445880770683289e-03
8.815929293632507324e-03
9.736441075801849365e-03
1.075306721031665802e-02
1.187584456056356430e-02
1.311585586518049240e-02
1.448534242808818817e-02
1.599782332777976990e-02
1.766822859644889832e-02
1.951305009424686432e-02
2.155049704015254974e-02
2.380068227648735046e-02
2.628582157194614410e-02
2.903044410049915314e-02
3.206164762377738953e-02
3.540934994816780090e-02
3.910659998655319214e-02
4.318990185856819153e-02
4.750889167189598083e-02
5.182788148522377014e-02
5.614687129855155945e-02
6.046586111187934875e-02
6.478485465049743652e-02
6.910384446382522583e-02
7.342283427715301514e-02
7.774182409048080444e-02
8.206081390380859375e-02
8.637980371713638306e-02
9.069879353046417236e-02
9.607137739658355713e-02
1.014439612627029419e-01
1.068165525794029236e-01
1.121891364455223083e-01
1.175617203116416931e-01
1.229343041777610779e-01
1.283068954944610596e-01
1.336794793605804443e-01
1.390520632266998291e-01
1.444246470928192139e-01
1.497972309589385986e-01
1.551698148250579834e-01
1.605423986911773682e-01
1.659149825572967529e-01
1.712875664234161377e-01
1.766601502895355225e-01
1.820327341556549072e-01
1.874053180217742920e-01
1.927779018878936768e-01
1.981504857540130615e-01
2.035230845212936401e-01
2.088956683874130249e-01
2.142682522535324097e-01
2.196408361196517944e-01
2.250134199857711792e-01
2.303860038518905640e-01
2.357585877180099487e-01
2.411311715841293335e-01
2.465037554502487183e-01
2.518763542175292969e-01
2.572489380836486816e-01
2.626215219497680664e-01
2.679941058158874512e-01
2.733666896820068359e-01
2.787392735481262207e-01
2.841118574142456055e-01
2.894844412803649902e-01
2.948570251464843750e-01
3.002296090126037598e-01
3.056021928787231445e-01
3.109747767448425293e-01
3.163473606109619141e-01
3.217199444770812988e-01
3.270925283432006836e-01
3.324651122093200684e-01
3.378376960754394531e-01
3.432102799415588379e-01
3.485828638076782227e-01
3.539554476737976074e-01
3.593280315399169922e-01
3.647006154060363770e-01
3.700731992721557617e-01
3.754457831382751465e-01
3.808183670043945312e-01
3.861909508705139160e-01
3.915635347366333008e-01
3.969361484050750732e-01
4.023087322711944580e-01
4.076813161373138428e-01
4.130539000034332275e-01
4.184264838695526123e-01
4.237990677356719971e-01
4.291716516017913818e-01
4.345442354679107666e-01
4.399168193340301514e-01
4.452894032001495361e-01
4.506619870662689209e-01
4.560345709323883057e-01
4.614071547985076904e-01
4.667797386646270752e-01
4.721523225307464600e-01
4.775249063968658447e-01
4.828974902629852295e-01
4.882700741291046143e-01
4.936426579952239990e-01
4.990152418613433838e-01
5.043878555297851562e-01
5.097604393959045410e-01
5.151330232620239258e-01
5.205056071281433105e-01
5.258781909942626953e-01
5.312507748603820801e-01
5.366233587265014648e-01
5.419959425926208496e-01
5.473685264587402344e-01
5.527411103248596191e-01
5.581136941909790039e-01
5.634862780570983887e-01
5.688588619232177734e-01
5.742314457893371582e-01
5.796040296554565430e-01
5.849766135215759277e-01
5.903491973876953125e-01
5.957217812538146973e-01
6.010943651199340820e-01
6.064669489860534668e-01
6.118395328521728516e-01
6.172121167182922363e-01
6.429292559623718262e-01
6.530619859695434570e-01
8.111662864685058594e-01
1.007547140121459961e+00
1.251471161842346191e+00
1.554448366165161133e+00
1.930775523185729980e+00
2.398210287094116211e+00
2.978809595108032227e+00
3.699970245361328125e+00
4.595721244812011719e+00
5.708331584930419922e+00
7.090300559997558594e+00
8.806840896606445312e+00
1.093894958496093750e+01
1.358723545074462891e+01
1.687666320800781250e+01
2.096245002746582031e+01
2.603739356994628906e+01
3.234096527099609375e+01
4.017061614990234375e+01
4.989579772949218750e+01
6.197541427612304688e+01
7.697946929931640625e+01
