# t_k
5.120113500000000000e+06
5.120112500000000000e+06
5.120111000000000000e+06
5.120109000000000000e+06
5.120107500000000000e+06
5.120104500000000000e+06
5.120101500000000000e+06
5.120098000000000000e+06
5.120093500000000000e+06
5.120088000000000000e+06
5.120081500000000000e+06
5.120073000000000000e+06
5.120063000000000000e+06
5.120051000000000000e+06
5.120036000000000000e+06
5.120017500000000000e+06
5.119995500000000000e+06
5.119968500000000000e+06
5.119935500000000000e+06
5.119895000000000000e+06
5.119846000000000000e+06
5.119786500000000000e+06
5.119713500000000000e+06
5.119624500000000000e+06
5.119516500000000000e+06
5.119384000000000000e+06
5.119223500000000000e+06
5.119026500000000000e+06
5.118787500000000000e+06
5.118496000000000000e+06
5.118141000000000000e+06
5.117708500000000000e+06
5.117182000000000000e+06
5.116541000000000000e+06
5.115762000000000000e+06
5.114815000000000000e+06
5.113664500000000000e+06
5.112268500000000000e+06
5.110576500000000000e+06
5.108528000000000000e+06
5.106051500000000000e+06
5.103064500000000000e+06
5.099468500000000000e+06
5.095151000000000000e+06
5.089983000000000000e+06
5.083820000000000000e+06
5.076500000000000000e+06
5.067845000000000000e+06
5.057665500000000000e+06
5.045758500000000000e+06
5.031913000000000000e+06
5.015908000000000000e+06
4.997512000000000000e+06
4.976481500000000000e+06
4.952550500000000000e+06
4.925430500000000000e+06
4.894810000000000000e+06
4.860359000000000000e+06
4.821741500000000000e+06
4.778615000000000000e+06
4.730629000000000000e+06
4.677423000000000000e+06
4.618630500000000000e+06
4.553889500000000000e+06
4.482842000000000000e+06
4.405138500000000000e+06
4.320428000000000000e+06
4.228369500000000000e+06
4.128630750000000000e+06
4.020895250000000000e+06
3.904857250000000000e+06
3.780238000000000000e+06
3.646802500000000000e+06
3.504385500000000000e+06
3.352936250000000000e+06
3.192585500000000000e+06
3.023734750000000000e+06
2.847177750000000000e+06
2.664241000000000000e+06
2.476935250000000000e+06
2.288078750000000000e+06
2.101332250000000000e+06
1.921057750000000000e+06
1.751890375000000000e+06
1.597939500000000000e+06
1.466552750000000000e+06
1.361272750000000000e+06
1.273510625000000000e+06
1.197245250000000000e+06
1.127263375000000000e+06
1.060250000000000000e+06
9.946490625000000000e+05
9.305328750000000000e+05
8.690385000000000000e+05
8.115738750000000000e+05
7.594021875000000000e+05
7.033299375000000000e+05
6.576862500000000000e+05
6.213398125000000000e+05
5.915873750000000000e+05
5.654098125000000000e+05
5.404001250000000000e+05
5.150414687500000000e+05
4.888470625000000000e+05
4.623192812500000000e+05
4.365011250000000000e+05
4.124859375000000000e+05
3.911798125000000000e+05
3.730782812500000000e+05
3.580112187500000000e+05
3.452171875000000000e+05
3.337536250000000000e+05
3.228129062500000000e+05
3.118013437500000000e+05
3.004065000000000000e+05
2.886870312500000000e+05
2.770012500000000000e+05
2.657934687500000000e+05
2.554290312500000000e+05
2.461269218750000000e+05
2.379249375000000000e+05
2.306820000000000000e+05
2.241410312500000000e+05
2.180071250000000000e+05
2.120087968750000000e+05
2.059646093750000000e+05
1.998357187500000000e+05
1.937067187500000000e+05
1.877089843750000000e+05
1.819664531250000000e+05
1.765826093750000000e+05
1.716226875000000000e+05
1.670831875000000000e+05
1.628925312500000000e+05
1.589506875000000000e+05
1.551652968750000000e+05
1.514628437500000000e+05
1.477952656250000000e+05
1.441526875000000000e+05
1.405632031250000000e+05
1.370723593750000000e+05
1.337209062500000000e+05
1.305360156250000000e+05
1.275290859375000000e+05
1.246923125000000000e+05
1.220002187500000000e+05
1.194200468750000000e+05
1.169229296875000000e+05
1.144872421875000000e+05
1.120983203125000000e+05
1.097517187500000000e+05
1.074558671875000000e+05
1.052260625000000000e+05
1.030736093750000000e+05
1.010021093750000000e+05
9.901202343750000000e+04
9.710228906250000000e+04
9.526582812500000000e+04
9.348936718750000000e+04
9.176121093750000000e+04
9.007619531250000000e+04
8.843200781250000000e+04
8.682542187500000000e+04
8.525543750000000000e+04
8.372617187500000000e+04
8.224256250000000000e+04
8.080514062500000000e+04
7.941135937500000000e+04
7.805957031250000000e+04
7.674850781250000000e+04
7.547460156250000000e+04
7.423280468750000000e+04
7.302014062500000000e+04
7.183612500000000000e+04
7.068026562500000000e+04
6.955123437500000000e+04
6.844871875000000000e+04
6.737397656250000000e+04
6.632766406250000000e+04
6.530843750000000000e+04
6.431447656250000000e+04
6.334510937500000000e+04
6.239982031250000000e+04
6.147683203125000000e+04
6.057407421875000000e+04
5.969094531250000000e+04
5.882775390625000000e+04
5.798400000000000000e+04
5.715848437500000000e+04
5.635090625000000000e+04
5.556182812500000000e+04
5.479105078125000000e+04
5.403724218750000000e+04
5.329941796875000000e+04
4.997973437500000000e+04
4.876026562500000000e+04
3.450765234375000000e+04
2.428300195312500000e+04
1.700104882812500000e+04
1.184802343750000000e+04
8.222550781250000000e+03
5.684885253906250000e+03
3.916885742187500000e+03
2.690278320312500000e+03
1.842493164062500000e+03
1.258554077148437500e+03
8.576076660156250000e+02
5.830927734375000000e+02
3.956343078613281250e+02
2.679310302734375000e+02
1.811272125244140625e+02
1.222438583374023438e+02
8.237567138671875000e+01
5.542901229858398438e+01
3.724534606933593750e+01
2.499336433410644531e+01
1.674962234497070312e+01
1.121003818511962891e+01
