# firecrown_theory
7.154864274858052044e-09
4.002699266777110873e-09
1.751922407026437349e-09
6.669399356887854322e-10
2.594454977046659596e-10
1.057058308241305256e-10
3.895433448235857352e-11
1.142350632851240433e-11
2.686118640187254436e-12
5.342888339575028728e-13
1.211661626886460942e-08
7.514263542176318099e-09
3.520989867649789522e-09
1.366743020230117292e-09
5.137489850804715796e-10
2.064758268348977182e-10
8.019302851278010524e-11
2.549888707911537596e-11
6.383903743433300322e-12
1.327392418269327733e-12
2.423712398028124544e-08
1.755099985015743919e-08
9.155060142915588554e-09
3.778374192747237528e-09
1.376808624466571800e-09
5.270515236924486447e-10
2.112602267033424633e-10
7.434568300824449911e-11
2.046447104067769443e-11
4.539229439333124643e-12
