# firecrown_data
8.686649257448905503e-09
4.836606608590607388e-09
2.149025769396278867e-09
8.386897275402650863e-10
3.296534713894969526e-10
1.359379542899408856e-10
4.999821925106793516e-11
1.397426917663494623e-11
3.073648286567951784e-12
6.006424425184775606e-13
1.452342816341488471e-08
9.002886024140587565e-09
4.262239918711926357e-09
1.637283857136674590e-09
6.328970334682156529e-10
2.635890249356043161e-10
1.009657634273317326e-10
3.148233563468577851e-11
7.411937270610220003e-12
1.469851752773881767e-12
2.948915527465031403e-08
2.095202872490170208e-08
1.094281634047355210e-08
4.475452777043073603e-09
1.674883886534256821e-09
6.674030088855395183e-10
2.664814011793437376e-10
9.295066159263144299e-11
2.435823796241179930e-11
5.162570916261196309e-12
