# a
1.000000000000000000e+00
9.611650485436893376e-01
9.252336448598129648e-01
8.918918918918919969e-01
8.608695652173913304e-01
8.319327731092437395e-01
8.048780487804878536e-01
7.795275590551180578e-01
7.557251908396945828e-01
7.333333333333332815e-01
7.122302158273381423e-01
6.923076923076922906e-01
6.734693877551020114e-01
6.556291390728476998e-01
6.387096774193548043e-01
6.226415094339623479e-01
6.073619631901839844e-01
5.928143712574850399e-01
5.789473684210526550e-01
5.657142857142857251e-01
5.530726256983239386e-01
5.409836065573769837e-01
5.294117647058823595e-01
5.183246073298428680e-01
5.076923076923076650e-01
4.974874371859295819e-01
4.876847290640393684e-01
4.782608695652174058e-01
4.691943127962084903e-01
4.604651162790697749e-01
4.520547945205479756e-01
4.439461883408071796e-01
4.361233480176210930e-01
4.285714285714285476e-01
4.212765957446808485e-01
4.142259414225941128e-01
4.074074074074073848e-01
4.008097165991902910e-01
3.944223107569720943e-01
3.882352941176470118e-01
3.822393822393821972e-01
3.764258555133079831e-01
3.707865168539325462e-01
3.653136531365313577e-01
3.599999999999999867e-01
3.548387096774193172e-01
3.498233215547702502e-01
3.449477351916376278e-01
3.402061855670103219e-01
3.355932203389830337e-01
3.311036789297658878e-01
3.267326732673266898e-01
3.224755700325732666e-01
3.183279742765273146e-01
3.142857142857142794e-01
3.103448275862069061e-01
3.065015479876160853e-01
3.027522935779816127e-01
2.990936555891238746e-01
2.955223880597014907e-01
2.920353982300885054e-01
2.886297376093294176e-01
2.853025936599423718e-01
2.820512820512819929e-01
2.788732394366196798e-01
2.757660167130919215e-01
2.727272727272727071e-01
2.697547683923705586e-01
2.668463611859838158e-01
2.640000000000000124e-01
2.612137203166226551e-01
2.584856396866840322e-01
2.558139534883721034e-01
2.531969309462915318e-01
2.506329113924050667e-01
2.481203007518796577e-01
2.456575682382133863e-01
2.432432432432432567e-01
2.408759124087590797e-01
2.385542168674698593e-01
2.362768496420047382e-01
2.340425531914893387e-01
2.318501170960187430e-01
2.296983758700695821e-01
2.275862068965517071e-01
2.255125284738040969e-01
2.234762979683972695e-01
2.214765100671140796e-01
2.195121951219512202e-01
2.175824175824175311e-01
2.156862745098039047e-01
2.138228941684665319e-01
2.119914346895074575e-01
2.101910828025477518e-01
2.084210526315789236e-01
2.066805845511481832e-01
2.049689440993788803e-01
2.032854209445585092e-01
2.016293279022403073e-01
2.000000000000000111e-01
