# d_a
0.000000000000000000e+00
1.691445808406494393e+02
3.225840745715607341e+02
4.619621177545637352e+02
5.887070864431772179e+02
7.040677514939156936e+02
8.091418246723767425e+02
9.048989978089307442e+02
9.921996844343203747e+02
1.071810384083883946e+03
1.144416374363446948e+03
1.210632274511328205e+03
1.271010902220767548e+03
1.326050752681407630e+03
1.376202357779077602e+03
1.421873728772910681e+03
1.463435043572445920e+03
1.501222707004016229e+03
1.535542886962771036e+03
1.566674609414340011e+03
1.594872479562499393e+03
1.620369084162490253e+03
1.643377120188659092e+03
1.664091287287605610e+03
1.682689975224077898e+03
1.699336772517163581e+03
1.714181818407151695e+03
1.727363016986256071e+03
1.739007129612394465e+03
1.749230759482563599e+03
1.758141240376343603e+03
1.765837440016664914e+03
1.772410487176311108e+03
1.777944430539134601e+03
1.782516836368704844e+03
1.786199331215526172e+03
1.789058095184318972e+03
1.791154310666868696e+03
1.792544570908843525e+03
1.793281252308768671e+03
1.793412853934203440e+03
1.792984307375969365e+03
1.792037259739316823e+03
1.790610332285540380e+03
1.788739356984054439e+03
1.786457593009264201e+03
1.783795925015342618e+03
1.780783044842253048e+03
1.777445618145593244e+03
1.773808437298802346e+03
1.769894561787146586e+03
1.765725447196960886e+03
1.761321063799450485e+03
1.756700005634656691e+03
1.751879590916850702e+03
1.746875954506617290e+03
1.741704133126385386e+03
1.736378143934336777e+03
1.730911057015808638e+03
1.725315062300869613e+03
1.719601531371151850e+03
1.713781074577766503e+03
1.707863593854789997e+03
1.701858331578971956e+03
1.695773915795657103e+03
1.689618402103107201e+03
1.683399312462169291e+03
1.677123671175322670e+03
1.670798038258326415e+03
1.664428540408755225e+03
1.658020899758499127e+03
1.651580460581644274e+03
1.645112214114877133e+03
1.638620821634558524e+03
1.632110635922765141e+03
1.625585721243790658e+03
1.619049871942722802e+03
1.612506629768716721e+03
1.605959300017345186e+03
1.599410966578890566e+03
1.592864505972543839e+03
1.586322600440204042e+03
1.579787750167777631e+03
1.573262284696608504e+03
1.566748373582824343e+03
1.560248036357938872e+03
1.553763151839974171e+03
1.547295466840630297e+03
1.540846604310587281e+03
1.534418070961861986e+03
1.528011264403253335e+03
1.521627479822211853e+03
1.515267916244036769e+03
1.508933682397020902e+03
1.502625802210080565e+03
1.496345219967492312e+03
1.490092805143572150e+03
1.483869356938505462e+03
1.477675608535020729e+03
1.471512231094207209e+03
