# d_l
0.000000000000000000e+00
1.830889560390215252e+02
3.768253310651769539e+02
5.807402563875093620e+02
7.943731474554655279e+02
1.017274097429378685e+03
1.249005883631097731e+03
1.489145590823410203e+03
1.737285867215322241e+03
1.993035838172511831e+03
2.256021708915024647e+03
2.525887091264376068e+03
2.802293091122188343e+03
3.084918193234238970e+03
3.373457978333062329e+03
3.667624705347204326e+03
3.967146788355915305e+03
4.271768194636772932e+03
4.581247786723639365e+03
4.895358628029197462e+03
5.213887268407514057e+03
5.536633023111687180e+03
5.863407255981758681e+03
6.194032675394261787e+03
6.528342649514902405e+03
6.866180545704745782e+03
7.207399097514572532e+03
7.551859801534953476e+03
7.899432345421225364e+03
8.249994067654473838e+03
8.603429449004162962e+03
8.959629635199340555e+03
9.318491989971244038e+03
9.679919677379733912e+03
1.004382127216220033e+04
1.041011039673115920e+04
1.077870538338321057e+04
1.114952896025660448e+04
1.152250795957841729e+04
1.189757304676846434e+04
1.227465846900931865e+04
1.265370182194555855e+04
1.303464383323703623e+04
1.341742816175720691e+04
1.380200121129671425e+04
1.418831195770167869e+04
1.457631178844544593e+04
1.496595435369978259e+04
1.535719542803662807e+04
1.574999278195370971e+04
1.614430606247655305e+04
1.654009668214527483e+04
1.693732771574680373e+04
1.733596380420259447e+04
1.773597106506729324e+04
1.813731700913660825e+04
1.853997046270204009e+04
1.894390149502650092e+04
1.934908135064881208e+04
1.975548238615601804e+04
2.016307801109112916e+04
2.057184263269051007e+04
2.098175160416910512e+04
2.139278117629435292e+04
2.180490845200976401e+04
2.221811134388843857e+04
2.263236853421361229e+04
2.304765943749954386e+04
2.346396416528051850e+04
2.388126349300900256e+04
2.429953882891650210e+04
2.471877218470164735e+04
2.513894614792072753e+04
2.556004385596499924e+04
2.598204897151815749e+04
2.640494565939524909e+04
2.682871856467153339e+04
2.725335279201694721e+04
2.767883388615754302e+04
2.810514781339143519e+04
2.853228094409201367e+04
2.896022003613563356e+04
2.938895221919607138e+04
2.981846497985172027e+04
3.024874614745536383e+04
3.067978388072016605e+04
3.111156665497838185e+04
3.154408325007239546e+04
3.197732273884070310e+04
3.241127447616361678e+04
3.284592808853605675e+04
3.328127346413709893e+04
3.371730074336760299e+04
3.415400030982936005e+04
3.459136278172119637e+04
3.502937900362835353e+04
3.546804003868369182e+04
3.590733716108034423e+04
3.634726184891658340e+04
3.678780577735517727e+04
