# d_m
0.000000000000000000e+00
1.759787053190595145e+02
3.486514745369394177e+02
5.179575259672380980e+02
6.838516660703572825e+02
8.463036608866259485e+02
1.005297418532346910e+03
1.160830027492264662e+03
1.312910693544403784e+03
1.461559614659841827e+03
1.606806828651708429e+03
1.748691063183029655e+03
1.887258612388412530e+03
2.022562259140328706e+03
2.154660257128859030e+03
2.283615382574674641e+03
2.409494061639481970e+03
2.532365576461320416e+03
2.652301350208422718e+03
2.769374309570803234e+03
2.883658321633206015e+03
2.995227701027633884e+03
3.104156782578578259e+03
3.210519554261946723e+03
3.314389345138335102e+03
3.415838562938541600e+03
3.514938476127796093e+03
3.611759035516717177e+03
3.706368730790053178e+03
3.798834477664153383e+03
3.889221531741608487e+03
3.977593425492083952e+03
4.064011925141643133e+03
4.148537004591314144e+03
4.231226833804501439e+03
4.312137779399098690e+03
4.391324415452419089e+03
4.468839542774914662e+03
4.544734215132522877e+03
4.619057771098344347e+03
4.691857870393522717e+03
4.763180533736161124e+03
4.833070185357551964e+03
4.901569697468499726e+03
4.968720436066817456e+03
5.034562307571562997e+03
5.099133805851939542e+03
5.162472059290168545e+03
5.224612877579471387e+03
5.285590798011583502e+03
5.345439131054109566e+03
5.404190005057365852e+03
5.461874409963952530e+03
5.518522239923012421e+03
5.574162334735434342e+03
5.628822520076878391e+03
5.682529646462853634e+03
5.735309626934627886e+03
5.787187473456895532e+03
5.838187332028195669e+03
5.888332516513338305e+03
5.937645541213878460e+03
5.986148152198102252e+03
6.033861357416355531e+03
6.080805455630891629e+03
6.127000064192076024e+03
6.172464145694621038e+03
6.217216033548923406e+03
6.261273456503426132e+03
6.304653562154376232e+03
6.347372939479507295e+03
6.389447640432018488e+03
6.430893200630883257e+03
6.471724659182953474e+03
6.511956577671639025e+03
6.551603058346187936e+03
6.590677761544619898e+03
6.629193922382501114e+03
6.667164366738677018e+03
6.704601526568077134e+03
6.741517454570665905e+03
6.777923838244509170e+03
6.813832013349909175e+03
6.849252976810487780e+03
6.884197399076047077e+03
6.918675635971062547e+03
6.952697740051601613e+03
6.986273471492543649e+03
7.019412308526008019e+03
7.052123457450983551e+03
7.084415862233266125e+03
7.116298213713980658e+03
7.147778958444094314e+03
7.178866307161584700e+03
7.209568242927154643e+03
7.239892528933625726e+03
7.269846716003488837e+03
7.299438149788406008e+03
7.328673977683790326e+03
7.357561155471035818e+03
