# d_v
0.000000000000000000e+00
1.754298235577699074e+02
3.464188663962667647e+02
5.128613984795380247e+02
6.746812153080376220e+02
8.318303759070023489e+02
9.842874909916604338e+02
1.132055674801393934e+03
1.275160268921441684e+03
1.413646436645110498e+03
1.547576713671237030e+03
1.677028586634256953e+03
1.802092156339329449e+03
1.922867928550034321e+03
2.039464762393840601e+03
2.151997995296970657e+03
2.260587754008919546e+03
2.365357453738756703e+03
2.466432481597375499e+03
2.563939056247151711e+03
2.658003252691413309e+03
2.748750179267281965e+03
2.836303292920706099e+03
2.920783838543618913e+03
3.002310398366583286e+03
3.080998537979052799e+03
3.156960536373213017e+03
3.230305188380575146e+03
3.301137668919148837e+03
3.369559449537807723e+03
3.435668258793627047e+03
3.499558078999933514e+03
3.561319172820040421e+03
3.621038134043844366e+03
3.678797957667125957e+03
3.734678125095858832e+03
3.788754700922400389e+03
3.841100438271231269e+03
3.891784890194018317e+03
3.940874525013241055e+03
3.988432843876311836e+03
4.034520499094103343e+03
4.079195412104797470e+03
4.122512890131373752e+03
4.164525740793792465e+03
4.205284384099558338e+03
4.244836961372888254e+03
4.283229440796734707e+03
4.320505719336745642e+03
4.356707720894468366e+03
4.391875490601386446e+03
4.426047285217711760e+03
4.459259659642082624e+03
4.491547549572112985e+03
4.522944350382336779e+03
4.553481992306778920e+03
4.583191012029072226e+03
4.612100620794573842e+03
4.640238769167161990e+03
4.667632208558682578e+03
4.694306549662142970e+03
4.720286317920963484e+03
4.745595006166328858e+03
4.770255124553266796e+03
4.794288247923688687e+03
4.817715060721543523e+03
4.840555399581651727e+03
4.862828293709698301e+03
4.884552003166655595e+03
4.905744055166354883e+03
4.926421278490414807e+03
4.946599836120110922e+03
4.966295256180172146e+03
4.985522461284986093e+03
5.004295796373245139e+03
5.022629055112735841e+03
5.040535504952784322e+03
5.058027910897831134e+03
5.075118558071695588e+03
5.091819273138376957e+03
5.108141444641646558e+03
5.124096042322286849e+03
5.139693635468584034e+03
5.154944410352596606e+03
5.169858186801778174e+03
5.184444433952759027e+03
5.198712285231474198e+03
5.212670552601303825e+03
5.226327740118552356e+03
5.239692056832382150e+03
5.252771429064184304e+03
5.265573512099405889e+03
5.278105701323000176e+03
5.290375142827849231e+03
5.302388743523913035e+03
5.314153180774254906e+03
5.325674911582615096e+03
5.336960181355838358e+03
5.348015032263138892e+03
5.358845311212963679e+03
