# f_ap
0.000000000000000000e+00
4.078447458413653193e-02
8.238055294693082120e-02
1.248614741429957264e-01
1.682963357614316591e-01
2.127497867057937808e-01
2.582818281177585162e-01
3.049477119848680307e-01
3.527979254548554988e-01
4.018782481556090191e-01
4.522298697692037073e-01
5.038895555903610823e-01
5.568898486715975205e-01
6.112592982864545332e-01
6.670227057131324910e-01
7.242013796594929387e-01
7.828133949446230977e-01
8.428738492705952767e-01
9.043951140274995026e-01
9.673870760568290539e-01
1.031857368146223086e+00
1.097811586744026568e+00
1.165253495972721876e+00
1.234185217497091536e+00
1.304607406178976747e+00
1.376519411739369980e+00
1.449919426863522931e+00
1.524804622338398863e+00
1.601171269915296014e+00
1.679014853653873596e+00
1.758330170535709946e+00
1.839111421143010849e+00
1.921352291187523376e+00
2.005046024650650516e+00
2.090185489262526453e+00
2.176763235008379205e+00
2.264771546307414951e+00
2.354202488464589127e+00
2.445047948950487271e+00
2.537299674020056184e+00
2.630949301137997853e+00
2.725988387637641175e+00
2.822408436001532905e+00
2.920200916115779144e+00
3.019357284816770015e+00
3.119869003017865072e+00
3.221727550675315133e+00
3.324924439826712153e+00
3.429451225911590573e+00
3.535299517562353611e+00
3.642460985034278842e+00
3.750927367425747061e+00
3.860690478823972427e+00
3.971742213497310825e+00
4.084074550242299040e+00
4.197679555982110955e+00
4.312549388702758613e+00
4.428676297289759312e+00
4.546052633013219157e+00
4.664670836985473024e+00
4.784523450082692975e+00
4.905603111414214013e+00
5.027902558641232922e+00
5.151414628025785092e+00
5.276132254244383368e+00
5.402048469996964641e+00
5.529156405438335753e+00
5.657449287456328690e+00
5.786920438818221157e+00
5.917563277204431316e+00
6.049371314146551271e+00
6.182338153884617604e+00
6.316457492157070419e+00
6.451723114935126624e+00
6.588128897111958260e+00
6.725668801156010623e+00
6.864336875736458232e+00
7.004127254328074592e+00
7.145034153801743670e+00
7.287051873006157088e+00
7.430174791345614871e+00
7.574397367358057132e+00
7.719714137297111201e+00
7.866119713721326789e+00
8.013608784093381843e+00
8.162176109391648282e+00
8.311816522736194202e+00
8.462524928030941140e+00
8.614296298623520087e+00
8.767125675983963973e+00
8.921008168403353977e+00
9.075938949713284742e+00
9.231913258026718694e+00
9.388926394500789030e+00
9.546973722122150008e+00
9.706050664514751958e+00
9.866152704770692949e+00
1.002727538430385401e+01
1.018941430172663232e+01
1.035256511174948635e+01
