# h
2.274907129251397186e-04
2.317580102103372814e-04
2.362833917634921176e-04
2.410650832996941520e-04
2.461006444987102245e-04
2.513870570793791436e-04
2.569208110519463064e-04
2.626979874423520560e-04
2.687143361612994016e-04
2.749653480601547072e-04
2.814463205565757788e-04
2.881524165127048211e-04
2.950787163010096053e-04
3.022202631953905747e-04
3.095721023795907907e-04
3.171293139753608259e-04
3.248870405648415197e-04
3.328405097215016519e-04
3.409850520780308277e-04
3.493161154537699313e-04
3.578292755438714032e-04
3.665202436419489631e-04
3.753848718312277448e-04
3.844191560391058918e-04
3.936192373088584365e-04
4.029814016016246324e-04
4.125020784029776073e-04
4.221778383720681998e-04
4.320053902379903136e-04
4.419815771178591261e-04
4.521033724041642870e-04
4.623678753451507879e-04
4.727723064211588927e-04
4.833140026017599409e-04
4.939904125529516856e-04
5.047990918503437400e-04
5.157376982429383479e-04
5.268039870025362920e-04
5.379958063857705371e-04
5.493110932290656617e-04
5.607478686912654086e-04
5.723042341540968700e-04
5.839783672869011677e-04
5.957685182790247239e-04
6.076730062408387725e-04
6.196902157724066672e-04
6.318185936973176814e-04
6.440566459580222619e-04
6.564029346681324361e-04
6.688560753164993558e-04
6.814147341174314277e-04
6.940776255011260219e-04
7.068435097382062566e-04
7.197111906922105517e-04
7.326795136938753835e-04
7.457473635311459960e-04
7.589136625489659432e-04
7.721773688530640624e-04
7.855374746121487331e-04
7.989930044531221281e-04
8.125430139441515952e-04
8.261865881606681936e-04
8.399228403295849960e-04
8.537509105472682438e-04
8.676699645670126913e-04
8.816791926520159894e-04
8.957778084900347394e-04
9.099650481661498806e-04
9.242401691902463407e-04
9.386024495760175506e-04
9.530511869684929948e-04
9.675856978172519803e-04
9.822053165926749197e-04
9.969093950427231760e-04
1.011697301487892147e-03
1.026568420152143817e-03
1.041522150527728974e-03
1.056557906771962924e-03
1.071675117134115573e-03
1.086873223410705436e-03
1.102151680427582766e-03
1.117509955547286733e-03
1.132947528200257004e-03
1.148463889438563991e-03
1.164058541510900073e-03
1.179730997457666304e-03
1.195480780725033734e-03
1.211307424796949361e-03
1.227210472844110500e-03
1.243189477388986428e-03
1.259243999986020155e-03
1.275373610916216705e-03
1.291577888895329221e-03
1.307856420794945148e-03
1.324208801375792444e-03
1.340634633032619216e-03
1.357133525550063488e-03
1.373705095868938460e-03
1.390348967862404172e-03
1.407064772121525108e-03
