# mu
-inf
3.631331074182617158e+01
3.788070044687884774e+01
3.881990965988063635e+01
3.950012277544127670e+01
4.003718993158780393e+01
4.048282242094393979e+01
4.086468579970856752e+01
4.119935643345379361e+01
4.149757554061891085e+01
4.176671637198347753e+01
4.201206966708866730e+01
4.223756778037391513e+01
4.244621825886733291e+01
4.264037652355818864e+01
4.282192444750965876e+01
4.299239135048465954e+01
4.315303838943592041e+01
4.330491891085213751e+01
4.344892256595519342e+01
4.358580818437460636e+01
4.371622869366647990e+01
4.384075030060422051e+01
4.395986746030725101e+01
4.407401470459315362e+01
4.418357609490423954e+01
4.428889285523229091e+01
4.439026959396004912e+01
4.448797941967448821e+01
4.458226818130365388e+01
4.467335800848114502e+01
4.476145028786774560e+01
4.484672818117756776e+01
4.492935876804223483e+01
4.500949487962082429e+01
4.508727667562037311e+01
4.516283300712152027e+01
4.523628259957446573e+01
4.530773508400439198e+01
4.537729189944520414e+01
4.544504708560918971e+01
4.551108798157446955e+01
4.557549584366171302e+01
4.563834639354757172e+01
4.569971030592353145e+01
4.575965364357909948e+01
4.581823824660550315e+01
4.587552208143409871e+01
4.593155955460404272e+01
4.598640179546670481e+01
4.604009691145647309e+01
4.609269021906918340e+01
4.614422445327512889e+01
4.619473995774146147e+01
4.624427485793747650e+01
4.629286521893865114e+01
4.634054518952358848e+01
4.638734713396686260e+01
4.643330175276565797e+01
4.647843819339482963e+01
4.652278415206053808e+01
4.656636596731401312e+01
4.660920870629228574e+01
4.665133624426974279e+01
4.669277133813127989e+01
4.673353569431395726e+01
4.677365003170743307e+01
4.681313413995354011e+01
4.685200693354113355e+01
4.689028650205332838e+01
4.692799015688922992e+01
4.696513447475139458e+01
4.700173533816260374e+01
4.703780797325092067e+01
4.707336698501981687e+01
4.710842639030055068e+01
4.714299964856607517e+01
4.717709969076997822e+01
4.721073894635946999e+01
4.724392936859869963e+01
4.727668245832674643e+01
4.730900928626444113e+01
4.734092051397432499e+01
4.737242641356963446e+01
4.740353688626027662e+01
4.743426147981671903e+01
4.746460940502615955e+01
4.749458955120957171e+01
4.752421050086277887e+01
4.755348054347989262e+01
4.758240768861295322e+01
4.761099967821760259e+01
4.763926399833071201e+01
4.766720789012273229e+01
4.769483836036422986e+01
4.772216219134323723e+01
4.774918595026743162e+01
4.777591599818278212e+01
4.780235849843791129e+01
4.782851942472163387e+01
