# rs_dv
inf
8.621663455801145126e-01
4.366092743619599537e-01
2.949133827013914466e-01
2.241794886989866564e-01
1.818275627619978796e-01
1.536641390516749472e-01
1.336062291363027121e-01
1.186122980529318721e-01
1.069925873696644242e-01
9.773324226607471577e-02
9.018909462129090504e-02
8.393005282804570644e-02
7.865838710858244487e-02
7.416146268937530428e-02
7.028337861518033081e-02
6.690724109884231552e-02
6.394369258798236755e-02
6.132326386838898163e-02
5.899114080501671742e-02
5.690350067457615457e-02
5.502489495893740645e-02
5.332634569090081295e-02
5.178393823143358221e-02
5.037776572494834237e-02
4.909112679477809632e-02
4.790990832472424854e-02
4.682210536218168323e-02
4.581744387891829168e-02
4.488708157469740306e-02
4.402336852370938858e-02
4.321965415849434583e-02
4.247013046067444481e-02
4.176970368236510023e-02
4.111388872717829795e-02
4.049872166081312092e-02
3.992068682720113088e-02
3.937665580758256678e-02
3.886383604107357392e-02
3.837972737243883214e-02
3.792208513939967357e-02
3.748888868239655392e-02
3.707831437237485428e-02
3.668871242034398711e-02
3.631858686626724536e-02
3.596657825190948538e-02
3.563144856840889246e-02
3.531206813899540053e-02
3.500740415388622906e-02
3.471651062060517046e-02
3.443851953087587875e-02
3.417263307645782705e-02
3.391811677211078319e-02
3.367429336530879114e-02
3.344053743018764874e-02
3.321627055815018492e-02
3.300095707009211010e-02
3.279410019818235905e-02
3.259523860871536144e-02
3.240394339662333589e-02
3.221981527671009121e-02
3.204248210709211009e-02
3.187159664610426935e-02
3.170683452626152365e-02
3.154789242130395799e-02
3.139448638531928959e-02
3.124635034549718901e-02
3.110323473228642638e-02
3.096490523264669795e-02
3.083114165375826568e-02
3.070173688600616110e-02
3.057649595532635836e-02
3.045523515611089568e-02
3.033778125684184063e-02
3.022397077147803007e-02
3.011364929036918284e-02
3.000667086513367221e-02
2.990289744251975468e-02
2.980219834278611743e-02
2.970444977859456465e-02
2.960953441081232498e-02
2.951734093798176820e-02
2.942776371653479939e-02
2.934070240911453714e-02
2.925606165862084523e-02
2.917375078582392506e-02
2.909368350859246888e-02
2.901577768096562718e-02
2.893995505046073960e-02
2.886614103215546720e-02
2.879426449821438985e-02
2.872425758164934978e-02
2.865605549320869583e-02
2.858959635038812661e-02
2.852482101764157452e-02
2.846167295695078980e-02
2.840009808798206470e-02
2.834004465712441911e-02
2.828146311476100599e-02
2.822430600017973232e-02
