# ee
3.213977355630114746e-02
5.478504150990187727e-02
6.428398098933633953e-02
5.965783216433075131e-02
4.622144531028848230e-02
3.083432677125095417e-02
1.845864672889479391e-02
1.093642065499411849e-02
7.602549356923785778e-03
6.652397272727811686e-03
6.425510545955415154e-03
6.027864630512653338e-03
5.339250138152627605e-03
4.657490151125029398e-03
4.306475679380275708e-03
4.327583529968020287e-03
4.661715864122058933e-03
5.143900686898586483e-03
5.607837967215350411e-03
6.068223862120899169e-03
6.603979365085225345e-03
7.297643350850533013e-03
8.222787185016988340e-03
9.382584949954133821e-03
1.076367951002189793e-02
1.233235373134336683e-02
1.404143781022055941e-02
1.590903403673052038e-02
1.796165455908006400e-02
2.018504199341257868e-02
2.258431529587279565e-02
2.511543330003929153e-02
2.780131500617152862e-02
3.064463310246862138e-02
3.366962699134108672e-02
3.689777821192793267e-02
4.031931881943731644e-02
4.394961926558524357e-02
4.781295309467790966e-02
5.192820050063635950e-02
5.629214829132393738e-02
6.089589279020883594e-02
6.572837609918681656e-02
7.077571754705860863e-02
7.602665298120893367e-02
8.149212111675334380e-02
8.718174016175896102e-02
9.310438548926779079e-02
9.928007499769692101e-02
1.057247411471082948e-01
1.124335176339933823e-01
1.193929957063385172e-01
1.265905094471550529e-01
1.340148786095043398e-01
1.416527201499037103e-01
1.495085818995942062e-01
1.575937229135728757e-01
1.659201450818618140e-01
1.744924219442330615e-01
1.833128599936713898e-01
1.923746975360129674e-01
2.016696486653314635e-01
2.111886846406757223e-01
2.209250052261695074e-01
2.308663537085231254e-01
2.410053895256925593e-01
2.513330298133451546e-01
2.618424202122233702e-01
2.725274491980945180e-01
2.833848460072388997e-01
2.944130460626622758e-01
3.056096113727582719e-01
3.169661612657205252e-01
3.284735722347176257e-01
3.401204932418318005e-01
3.518985484852001355e-01
3.637978774668980675e-01
3.758093625240261915e-01
3.879238859936852135e-01
4.001317492833830203e-01
4.124224157523077028e-01
4.247832821600042719e-01
4.372024881010431741e-01
4.496674303349697532e-01
4.621682251418992027e-01
4.746939815238268578e-01
4.872350423332678093e-01
4.997817504227372587e-01
5.123199916346004024e-01
5.248394171179094903e-01
5.373276540428908454e-01
5.497723807113327199e-01
5.621635039300983960e-01
5.744879591659513007e-01
5.867341675557046221e-01
5.988898074011467232e-01
6.109418141690408088e-01
6.228786089962005112e-01
6.346908415245138269e-01
6.463661900557693407e-01
6.578849045415050556e-01
6.692495199840096110e-01
6.804328579845712044e-01
6.914300251952277820e-01
7.022286999177683731e-01
7.128239888042309236e-01
7.231961418061538804e-01
7.333402655755751898e-01
7.432366100640335205e-01
7.528802492407155045e-01
7.622661263434011847e-01
7.713742952265192354e-01
7.801922380947483582e-01
7.887222938532667538e-01
7.969519447067530127e-01
8.048612445096359203e-01
8.124525321670937883e-01
8.197132898838054293e-01
8.266384282146990170e-01
8.332154293644533638e-01
8.394392038879969764e-01
8.453046623402583615e-01
8.507992869259161095e-01
8.559254165501486433e-01
8.606705334176344424e-01
8.650369764335522627e-01
8.690122278025806946e-01
8.725986264298980499e-01
8.757836545201830303e-01
8.785695823964189133e-01
8.809584060528087290e-01
8.829371962008601971e-01
8.845227369530811456e-01
8.856946706707292671e-01
8.864623531160623626e-01
8.868202833508384009e-01
8.867778171373149609e-01
8.863294535372496785e-01
8.854771199626505496e-01
8.842376005260252914e-01
8.825979659388819565e-01
8.805675719634775689e-01
8.781557743620707068e-01
8.753570721964187840e-01
8.721882495790299616e-01
8.686586622721612638e-01
8.647702376878207975e-01
8.605323315882666968e-01
8.559542997357563188e-01
8.510451295578794761e-01
8.458123351435524739e-01
8.402704905972739891e-01
8.344341700235416992e-01
8.283030908263542269e-01
8.218992554604598322e-01
8.152223813298569155e-01
8.083018992395437641e-01
8.011375265935182233e-01
7.937512658465289972e-01
7.861576911030744297e-01
7.783713764676525315e-01
7.704217527452617009e-01
7.623085373399001163e-01
7.540537327063163708e-01
7.456793412992583914e-01
7.372073655734747710e-01
7.286598079837135478e-01
7.200586709847232036e-01
7.114185286810018605e-01
7.027688118775478054e-01
6.941315230291095206e-01
6.855286645904350440e-01
6.769822390162728576e-01
6.685291054618711648e-01
6.601834784421399815e-01
6.519804191643866487e-01
6.439397725458304578e-01
6.360813835036902564e-01
6.284399536556853905e-01
6.210427562692850678e-01
6.139170646119580521e-01
6.070827236009238570e-01
6.005744348539013844e-01
5.944268999886098692e-01
5.886599639222681590e-01
5.833016427573708418e-01
5.783896094517365638e-01
5.739526229428848492e-01
5.700224135084347443e-01
5.666284829209300433e-01
5.638033042930152838e-01
5.615778650672843542e-01
5.599853811914065060e-01
5.590590686130506581e-01
5.588321432798862842e-01
5.593393068096321752e-01
5.606137751499576938e-01
5.626887642485317587e-01
5.655974900530236216e-01
5.693748975585174454e-01
5.740517054243826633e-01
5.796596185223786835e-01
5.862295988892401999e-01
5.937933513967266208e-01
6.023810952465472601e-01
6.120252781454867952e-01
6.227568621302796981e-01
6.346060664026355047e-01
6.476053386693385594e-01
6.617863838021483813e-01
6.771786781677495703e-01
6.938146694729264707e-01
7.117260625894387127e-01
7.309371340387958993e-01
7.514877598780321799e-01
7.734022166286572686e-01
7.967047808121806574e-01
8.214345856506118926e-01
8.476159076654602442e-01
8.752730233782353153e-01
9.044450660109467632e-01
9.351488837348538308e-01
9.674161814217160371e-01
1.001263807242793069e+00
1.036730894420094362e+00
1.073841719475129075e+00
1.112613130579157339e+00
1.153076832603938007e+00
1.195257102070981015e+00
1.239163358801295800e+00
1.284827307666641438e+00
1.332273225188527865e+00
1.381517959538214546e+00
1.432585787237210528e+00
1.485500984807025748e+00
1.540265543718419616e+00
1.596903740492901624e+00
1.655424994951481432e+00
1.715861011965918115e+00
1.778221211357221332e+00
1.842515012946401187e+00
1.908759264904715813e+00
1.976963387053175758e+00
2.047144227563040264e+00
2.119296349554819159e+00
2.193444029550021490e+00
2.269596687369656252e+00
2.347748886134234159e+00
2.427924902365263815e+00
2.510104882281072758e+00
2.594307873044508828e+00
2.680531076565987547e+00
2.768786551456425382e+00
2.859064071275986940e+00
2.951375694635588687e+00
3.045718623445645701e+00
3.142082631266323922e+00
3.240479776708539372e+00
3.340899833332457547e+00
3.443340003048493969e+00
3.547797487767064162e+00
3.654269489398583648e+00
3.762745781503218812e+00
3.873208709290885121e+00
3.985648046321747184e+00
4.100046137805722246e+00
4.216392757302975802e+00
4.334677678373672904e+00
4.454875817877478994e+00
4.576976949374560455e+00
4.700963418074832312e+00
4.826795284137460840e+00
4.954469749472861118e+00
5.083954302590449892e+00
5.215231288700141299e+00
5.348275624661602556e+00
5.483062227334498218e+00
5.619551156877993670e+00
5.757709901801506547e+00
5.897520807314950986e+00
6.038936505227242790e+00
6.181931912398047402e+00
6.326474517336780679e+00
6.472524380202608896e+00
6.620048989504947023e+00
6.768993548702462171e+00
6.919332974654818891e+00
7.071019899170932099e+00
7.224014382409967183e+00
7.378291341231591360e+00
7.533714267241720997e+00
7.690354645853269666e+00
7.848135395474154841e+00
8.006905151009791055e+00
8.166735397873093660e+00
8.327474770969478968e+00
8.489120472209362944e+00
8.651595420000662173e+00
8.814822532751289685e+00
8.978874777998278489e+00
9.143533917765132912e+00
9.308880330209468923e+00
9.474845826483903721e+00
9.641362217741058060e+00
9.808435598636048525e+00
9.975923496818996483e+00
1.014383200694501497e+01
1.031209294016672473e+01
1.048056382413424537e+01
1.064932503700519639e+01
1.081823410642969030e+01
1.098729712706284900e+01
1.115637162655479209e+01
1.132538941605813676e+01
1.149443087373050076e+01
1.166327924371949898e+01
1.183194062068025865e+01
1.200034681576538809e+01
1.216850392363001099e+01
1.233626947192424517e+01
1.250357527180070782e+01
1.267035313441201794e+01
1.283653487091079448e+01
1.300212657595215582e+01
1.316706006068871737e+01
1.333119285277059873e+01
1.349445676335041888e+01
1.365685788708329795e+01
1.381825375161935021e+01
1.397865045161370112e+01
1.413797979821895368e+01
1.429609931908524345e+01
1.445301510886768170e+01
1.460858469521638270e+01
1.476281417278647012e+01
1.491563535273056296e+01
1.506698004620127662e+01
1.521678006435122832e+01
1.536504150183553641e+01
1.551154760280182110e+01
1.565630446190520253e+01
1.579924389029829435e+01
1.594022341563121792e+01
1.607924913255909161e+01
1.621617856873203323e+01
1.635101781880515759e+01
1.648355012692609023e+01
1.661393015475493939e+01
1.674201542994183356e+01
1.686781276702141241e+01
1.699125757654392643e+01
1.711228598893914921e+01
1.723090841813935725e+01
1.734698671107183188e+01
1.746053128166884605e+01
1.757147826036017690e+01
1.767976377757560158e+01
1.778524968024238717e+01
1.788794638229282441e+01
1.798779001415667622e+01
1.808471670626372685e+01
1.817866258904374988e+01
1.826963807642902182e+01
1.835757929884932338e+01
1.844242238673441747e+01
1.852417775401659483e+01
1.860270724762312256e+01
1.867816984849128303e+01
1.875027883654334104e+01
1.881926747621908902e+01
1.888484904744079529e+01
1.894718253114572803e+01
1.900620405776367505e+01
1.906184975772440993e+01
1.911405576145770624e+01
1.916283248289584051e+01
1.920811605246859344e+01
1.924984260060573149e+01
1.928802254123953830e+01
1.932266628830228683e+01
1.935356140521875901e+01
1.938094115642872239e+01
1.940466738885946185e+01
1.942475051644324324e+01
1.944127523661485313e+01
1.945417767980406509e+01
1.946354254344564794e+01
1.946930595796938590e+01
1.947147833730755195e+01
1.947007009539242262e+01
1.946501736265377147e+01
1.945640483652638508e+01
1.944416864744002638e+01
1.942824492582447604e+01
1.940879265261700937e+01
1.938567367474490766e+01
1.935897268964294682e+01
1.932862582774089333e+01
1.929479206997603313e+01
1.925733204643666951e+01
1.921632437036272378e+01
1.917184643815515344e+01
1.912382707920991365e+01
1.907226940642545543e+01
1.901732509970523566e+01
1.895892298844520596e+01
1.889699190204132861e+01
1.883175780389954568e+01
1.876314952341582298e+01
1.869117017348860799e+01
1.861589715051885463e+01
1.853733356740502103e+01
1.845555682054806113e+01
1.837064430634892176e+01
1.828252485420356876e+01
1.819135014401545192e+01
1.809712328868302222e+01
1.799984740110473780e+01
1.789952559417904965e+01
1.779630954780941465e+01
1.769012809139178444e+01
1.758098433782462067e+01
1.746902996701136956e+01
1.735426809185048924e+01
1.723677610874293009e+01
1.711670569759215255e+01
1.699413425479910700e+01
1.686906489326224801e+01
1.674157500938252952e+01
1.661189056656590779e+01
1.647994039420833801e+01
1.634580188871077056e+01
1.620962672997665877e+01
1.607134374740196492e+01
1.593110462089013879e+01
1.578891246333963139e+01
1.564491895465390137e+01
1.549912720773140151e+01
1.535161461897308577e+01
1.520253286828241102e+01
1.505188506855782826e+01
1.489982289970279261e+01
1.474642375811826156e+01
1.459169075670268079e+01
1.443584985886201721e+01
1.427890417749471474e+01
1.412100539250423026e+01
1.396223090029152303e+01
1.380258381375504051e+01
1.364228777974187246e+01
1.348133432835613377e+01
1.331986124014806272e+01
1.315793201216541064e+01
1.299561014145591997e+01
1.283295912506733316e+01
1.267004246004739798e+01
1.250699792694635271e+01
1.234388902281195044e+01
1.218077924469193007e+01
1.201773208963404116e+01
1.185495962169102135e+01
1.169252533791062021e+01
1.153049273534058372e+01
1.136899959453115372e+01
1.120810941253007265e+01
1.104795996988758944e+01
1.088861476365144831e+01
1.073013729086938994e+01
1.057259104858916210e+01
1.041611381736101016e+01
1.026084337773517774e+01
1.010676894325690789e+01
9.953954010973946609e+00
9.802610644939038664e+00
9.652802342199930052e+00
9.504518316301863834e+00
9.357970631297582997e+00
9.213222784234831764e+00
9.070412555663862619e+00
8.929454875627410360e+00
8.790636091680724462e+00
8.653945417369047988e+00
8.519520633242628094e+00
8.387425236349207225e+00
8.257722723736529602e+00
8.130476592452341222e+00
8.005898906549385075e+00
7.883904596070407500e+00
7.764705725068152375e+00
7.648365790590363922e+00
7.534874006182288753e+00
7.424368152394169584e+00
7.316986009776250022e+00
7.212791075376277838e+00
7.111772562739493431e+00
7.014068252416146620e+00
6.919741641453979852e+00
6.828856226900734683e+00
6.741549789306659157e+00
6.657810736343677149e+00
6.577772819195439880e+00
6.501420416167273508e+00
6.428960756072010341e+00
6.360303933712478930e+00
6.295582894399006868e+00
6.234871156639928635e+00
6.178227382243067112e+00
6.125695376315756668e+00
6.077326372315575931e+00
6.033164175349853942e+00
5.993252590525920631e+00
5.957650279651605096e+00
5.926401047834237268e+00
5.899541271830896605e+00
5.877122185099160845e+00
5.859172736045862528e+00
5.845744158128580281e+00
5.836865399754143091e+00
5.832572837679630418e+00
5.832910277012371303e+00
5.837906666159197400e+00
5.847590953526935920e+00
5.861977230821917573e+00
5.881087018100722652e+00
5.904934407069678315e+00
5.933540917785366631e+00
5.966928070304365228e+00
6.005102527982755234e+00
6.048070954176615110e+00
6.095854868942524263e+00
6.148446078936063763e+00
6.205851247513312074e+00
6.268077038030348547e+00
6.335137542193502114e+00
6.407024566658353848e+00
6.483729918080483046e+00
6.565252831465718586e+00
6.651570256769139711e+00
6.742674000646326604e+00
6.838563298103109922e+00
6.939215099094566241e+00
7.044613781926028828e+00
7.154743724902823843e+00
7.269559592929282665e+00
7.389053192660984593e+00
7.513179189002258340e+00
7.641847676755935126e+00
7.775191601232342542e+00
7.912972490229311262e+00
8.055325356769374778e+00
8.202096350713887318e+00
8.353282256641399783e+00
8.508879859130470180e+00
8.668811659257155355e+00
8.833074441600009763e+00
9.001590707235090250e+00
9.174357240740951269e+00
9.351296543193651445e+00
9.532405399171743454e+00
9.717532026248784760e+00
9.906747492505830976e+00
1.009990001551643601e+01
1.029698637985915965e+01
1.049792908661005519e+01
1.070272492034767708e+01
1.091114781514308518e+01
1.112326883907733155e+01
1.133901049322647481e+01
1.155822099516406887e+01
1.178089712946866818e+01
1.200688711371383199e+01
1.223618773247811475e+01
1.246872148683757153e+01
1.270433659436575802e+01
1.294302983964123221e+01
1.318464944023754803e+01
1.342911789723076410e+01
1.367643199519942954e+01
1.392636566821460598e+01
1.417891570085484965e+01
1.443393031069371446e+01
1.469133199880725371e+01
1.495111754977403073e+01
1.521298661416258824e+01
1.547701026005399783e+01
1.574303670502180275e+01
1.601091416663956934e+01
1.628056514598334559e+01
1.655191214412918654e+01
1.682480337865065323e+01
1.709916135062379894e+01
1.737483427762217758e+01
1.765174466072185311e+01
1.792974071749637233e+01
1.820874494902179563e+01
1.848860557287167339e+01
1.876917080661957016e+01
1.905043743484403862e+01
1.933217939161612620e+01
1.961432229350151246e+01
1.989672993552180813e+01
2.017934351169073892e+01
2.046202993251953828e+01
2.074465610851942543e+01
2.102716323370413321e+01
2.130949250208739443e+01
2.159143654067792539e+01
2.187293654348946603e+01
2.215385942103323558e+01
2.243399780031796453e+01
2.271336715885987800e+01
2.299183440717020233e+01
2.326926645576017094e+01
2.354553021514101019e+01
2.382056687932644579e+01
2.409431764233021056e+01
2.436672369816602668e+01
2.463750339034011816e+01
2.490674647987122370e+01
2.517431987727055898e+01
2.543994192604435867e+01
2.570370238721135436e+01
2.596539388778026591e+01
2.622495762176482259e+01
2.648218621617375845e+01
2.673702086502078856e+01
2.698932847881715347e+01
2.723905025157657889e+01
2.748612737731278344e+01
2.773027819953200179e+01
2.797159247925295844e+01
2.820986284348438389e+01
2.844495620273750802e+01
2.867688803452855595e+01
2.890545096586625462e+01
2.913066047426682914e+01
2.935230918673901357e+01
2.957041258079903301e+01
2.978476328345560731e+01
2.999537677222497933e+01
3.020204567411585828e+01
3.040478546664449411e+01
3.060346306032209540e+01
3.079787108215739977e+01
3.098802500966663231e+01
3.117379175336101937e+01
3.135503822375179084e+01
3.153177989835517536e+01
3.170388368768239573e+01
3.187136583480224772e+01
3.203417136149133881e+01
3.219224605507881876e+01
3.234553570289384083e+01
3.249391180876308738e+01
3.263746872702069624e+01
3.277607796149334263e+01
3.290968529951017985e+01
3.303816224489789022e+01
3.316152886848809800e+01
3.327965667410749973e+01
3.339249144908523448e+01
3.350005326425297625e+01
3.360221362343737894e+01
3.369899259747010944e+01
3.379033597368032105e+01
3.387626382289968063e+01
3.395664764895485632e+01
3.403143323917499430e+01
3.410071494789426794e+01
3.416443856244182342e+01
3.422247558664434308e+01
3.427492037483598608e+01
3.432171871434589150e+01
3.436281639250324105e+01
3.439823348013968740e+01
3.442799004808689745e+01
3.445195760017152509e+01
3.447015620722523721e+01
3.448260594007969360e+01
3.448917830256155526e+01
3.448996764900498135e+01
3.448484548323664001e+01
3.447390615959069748e+01
3.445724403240128453e+01
3.443480488899759706e+01
3.440675736721628653e+01
3.437297297088399972e+01
3.433362033783741651e+01
3.428879382241068896e+01
3.423836492843048518e+01
3.418242801023095723e+01
3.412100313864376488e+01
3.405418466800308153e+01
3.398191838563806044e+01
3.390415007887786203e+01
3.382112266906165843e+01
3.373270766001609644e+01
3.363899940607534234e+01
3.354009226157356238e+01
3.343600348532192612e+01
3.332673908804964924e+01
3.321245083547046306e+01
3.309306764279060786e+01
3.296874127572378654e+01
3.283947493297876008e+01
3.270542038026923848e+01
3.256643224929895553e+01
3.242281087278664842e+01
3.227448516593853611e+01
3.212153261096585766e+01
3.196403069007983078e+01
3.180198260198920224e+01
3.163554011240769270e+01
3.146470642004403118e+01
3.128948472360694311e+01
3.110995250530767109e+01
3.092618724735743996e+01
3.073834071546996327e+01
3.054641610835400201e+01
3.035063947522575489e+01
3.015101401479397580e+01
2.994776577627488123e+01
2.974097224187970667e+01
2.953071089381967340e+01
2.931705921430602046e+01
2.910016896905247563e+01
2.888004335676776435e+01
2.865690842666812443e+01
2.843069309395977484e+01
2.820162340785895694e+01
2.796970256707439262e+01
2.773515662082231259e+01
2.749791448430894647e+01
2.725827649025303501e+01
2.701632012086578882e+01
2.677204857485595824e+01
2.652568790143975264e+01
2.627731558282841462e+01
2.602708338473566840e+01
2.577514307287525952e+01
2.552157212945839149e+01
2.526652232019881694e+01
2.501014541081024944e+01
2.475259316700642387e+01
2.449394307099857571e+01
2.423434688850043273e+01
2.397388210172321976e+01
2.371270047638066814e+01
2.345095377818650917e+01
2.318871571207879967e+01
2.292611915740538819e+01
2.266321893273846300e+01
2.240014414015269395e+01
2.213709816522526452e+01
2.187413582652834876e+01
2.161146050963913012e+01
2.134905274962727972e+01
2.108719021557248752e+01
2.082592772604692044e+01
2.056539438312526613e+01
2.030564500537970218e+01
2.004680869488490202e+01
1.978894027021305035e+01
1.953224311694132709e+01
1.927677205364189916e+01
1.902250761538445900e+01
1.876972747124867524e+01
1.851856072330923553e+01
1.826906219013831389e+01
1.802136097381059088e+01
1.777566045990323929e+01
1.753201546698844737e+01
1.729055509714088856e+01
1.705140845243523628e+01
1.681470463494617817e+01
1.658049846324588827e+01
1.634891903940905067e+01
1.612002118200783585e+01
1.589400827661942728e+01
1.567086085831350672e+01
1.545070802916474584e+01
1.523367889124783048e+01
1.501982826313493291e+01
1.480921096339823428e+01
1.460195609411241513e+01
1.439811847384965304e+01
1.419782720468462678e+01
1.400121138869201687e+01
1.380832584444399913e+01
1.361937395751774993e+01
1.343448482998795157e+01
1.325378756392928636e+01
1.307733697791392657e+01
1.290533645751905389e+01
1.273776653781434653e+01
1.257468203737198387e+01
1.241613777476414349e+01
1.226218856856300654e+01
1.211288923734075240e+01
1.196821960926176942e+01
1.182815668486934157e+01
1.169297389181145519e+01
1.156257324022360500e+01
1.143722815775378088e+01
1.131691493803997162e+01
1.120175844172517365e+01
1.109188352945237632e+01
1.098734077836207490e+01
1.088818076559475401e+01
1.079445406829091070e+01
1.070606269658603615e+01
1.062313151112312326e+01
1.054563680554015903e+01
1.047355487347513758e+01
1.040701057557105358e+01
1.034598020546589403e+01
1.029051434030015422e+01
1.024058927371182293e+01
1.019640414984639420e+01
1.015786097883935923e+01
1.012508462133371090e+01
1.009805137096743977e+01
1.007681180488103401e+01
1.006134221671249129e+01
1.005169318360229980e+01
1.004776671568595070e+01
1.004961339010394106e+01
1.005720950049425610e+01
1.007060562399738757e+01
1.008970377074883373e+01
1.011455451788908100e+01
1.014520844255862286e+01
1.018164183839544989e+01
1.022383099903755443e+01
1.027182650162542821e+01
1.032560463979706356e+01
1.038514170719045282e+01
1.045033971394108363e+01
1.052117495368695188e+01
1.059754943656354875e+01
1.067943945620886481e+01
1.076674702275839124e+01
1.085937414634762099e+01
1.095737140411704580e+01
1.106071508970465800e+01
1.116945578025094754e+01
1.128349548589140738e+01
1.140288478376652748e+01
1.152759996751430194e+01
1.165769500704730000e+01
1.179294030935640869e+01
1.193333252471209605e+01
1.207871973637982244e+01
1.222902431112755828e+01
1.238416861572326688e+01
1.254392644992991634e+01
1.270836874752047052e+01
1.287734359176039334e+01
1.305092191642265576e+01
1.322902608827521753e+01
1.341157847408605086e+01
1.359872429113061365e+01
1.379031162267437516e+01
1.398633711898780341e+01
1.418672314683886526e+01
1.439139207299552226e+01
1.460019198072324009e+01
1.481304523678998741e+01
1.502994849146622869e+01
1.525067554451492846e+01
1.547514876270405360e+01
1.570321622929906624e+01
1.593487459457043975e+01
1.616997194178363273e+01
1.640835635420411620e+01
1.664987591509735410e+01
1.689445299123130795e+01
1.714200994937394995e+01
1.739239487279073870e+01
1.764553012824964640e+01
1.790141236602113750e+01
1.815981538586817834e+01
1.842081012156372921e+01
1.868424465637325937e+01
1.894996707356223808e+01
1.921797402340112626e+01
1.948811358915538960e+01
1.976015957058799444e+01
2.003410861796940878e+01
2.030980881456509479e+01
2.058710824364052527e+01
2.086592927196365821e+01
2.114597141579496409e+01
2.142730560890739966e+01
2.170963136756144607e+01
2.199287105852505420e+01
2.227687276506370040e+01
2.256141028694034034e+01
2.284648027442544915e+01
2.313178648510202251e+01
2.341734677585316859e+01
2.370303467787953622e+01
2.398872372238177064e+01
2.427428744056051002e+01
2.455974793062140904e+01
2.484483015676011419e+01
2.512948193367976302e+01
2.541372535958599954e+01
2.569735968217697319e+01
2.598025843265333634e+01
2.626236942571821587e+01
2.654364047607477417e+01
2.682387083142114292e+01
2.710300830646048098e+01
2.738100071589591877e+01
2.765757302392310990e+01
2.793274732874770550e+01
2.820632287806783722e+01
2.847824748658665683e+01
2.874832040200230310e+01
2.901648943901793132e+01
2.928270241233668258e+01
2.954683285315919861e+01
2.980868000918362881e+01
3.006826597861561368e+01
3.032539000915330618e+01
3.058007419900234680e+01
3.083211779586086720e+01
3.108139433092954107e+01
3.132785161891149528e+01
3.157136319100736799e+01
3.181187686192031450e+01
3.204911759584598485e+01
3.228310749099001953e+01
3.251364579505056440e+01
3.274075460623325284e+01
3.296430745573874788e+01
3.318417787476767700e+01
3.340016511101819674e+01
3.361236554619845407e+01
3.382057842800659131e+01
3.402467728764324306e+01
3.422468422331407112e+01
3.442047276621971008e+01
3.461199073106330815e+01
3.479903736554300764e+01
3.498170905136696263e+01
3.515987931973580771e+01
3.533342170185018460e+01
3.550221052425310120e+01
3.566627186186190812e+01
3.582548401793133763e+01
3.597979957921858585e+01
3.612909684897837792e+01
3.627332841396793128e+01
3.641244686094446337e+01
3.654647906016766967e+01
3.667530331489228246e+01
3.679902077888051082e+01
3.691743547188458052e+01
3.703064854766669356e+01
3.713861259298406736e+01
3.724120591109140577e+01
3.733852965575094629e+01
3.743038784671488628e+01
3.751680735424294966e+01
3.759774076509234675e+01
3.767314066602029499e+01
3.774288536028150531e+01
3.780715028514069331e+01
3.786573946035008476e+01
3.791867975616936803e+01
3.796607232636078777e+01
3.800772119067654842e+01
3.804380178638135135e+01
3.807411813322743654e+01
3.809884566847949827e+01
3.811793697889475396e+01
3.813127036772792167e+01
3.813909555574621635e+01
3.814121656270184957e+01
3.813780882585954402e+01
3.812875064847400353e+01
3.811406890080495913e+01
3.809379045311211343e+01
3.806794217565517613e+01
3.803640237168887950e+01
3.799934647847792490e+01
3.795657851577451680e+01
3.790819963734089981e+01
3.785431099693926882e+01
3.779479089782434187e+01
3.772981477726082744e+01
3.765940950550844946e+01
3.758360195282692473e+01
3.750234470597346359e+01
3.741573891871026802e+01
3.732388574479957555e+01
3.722673777099858938e+01
3.712431814404369135e+01
3.701663511657790906e+01
3.690369321772093514e+01
3.678549697659247641e+01
3.666205092231222551e+01
3.653350815100487381e+01
3.640002175879511981e+01
3.626174484180766200e+01
3.611883049616719887e+01
3.597150610150090699e+01
3.581977618692850740e+01
3.566386813207718376e+01
3.550371218256413641e+01
3.533931286750905798e+01
3.517052614902663521e+01
3.499743083973908142e+01
3.481980861825859108e+01
3.463766401370484971e+01
3.445107583870005641e+01
3.425997433886140442e+01
3.406473546082109038e+01
3.386536373369882114e+01
3.366208653712178744e+01
3.345505696721467359e+01
3.324450240360469877e+01
3.303050165891403367e+01
3.281313354576488450e+01
3.259247687677945038e+01
3.236861046457992330e+01
3.214153883828601010e+01
3.191141509402239151e+01
3.167824376090876726e+01
3.144210365156732578e+01
3.120307357862029463e+01
3.096138092169483258e+01
3.071710449341315297e+01
3.047039738989995072e+01
3.022141270727992435e+01
2.997030354167775812e+01
2.971707442221316242e+01
2.946195272851332092e+01
2.920479442269294523e+01
2.894575260087671253e+01
2.868483179218432966e+01
2.842196224223299339e+01
2.815737133064989095e+01
2.789091501954972685e+01
2.762282068855969541e+01
2.735339000080949390e+01
2.708277605242381370e+01
2.681120178746023441e+01
2.653872384069284251e+01
2.626569154533613215e+01
2.599223138409706735e+01
2.571839555618012696e+01
2.544423626078978273e+01
2.516987998063302001e+01
2.489537891491431765e+01
2.462078526283813673e+01
2.434622550711146260e+01
2.407175184693877412e+01
2.379749076502704952e+01
2.352342017707825050e+01
2.324974084930186891e+01
2.297650498090237647e+01
2.270376477108424496e+01
2.243164670255445259e+01
2.216027725801998116e+01
2.188970863668530598e+01
2.162006732125739461e+01
2.135140551094073302e+01
2.108392397194479528e+01
2.081767490347404959e+01
2.055278478823548483e+01
2.028938010893607213e+01
2.002751306478028326e+01
1.976723585497260061e+01
1.950874924572249824e+01
1.925210543623445503e+01
1.899735662571293915e+01
1.874470358036743889e+01
1.849412421589992306e+01
1.824574501501736634e+01
1.799969246042675053e+01
1.775601875133255447e+01
1.751477608693924282e+01
1.727601666645130152e+01
1.703994125607820109e+01
1.680660205502442750e+01
1.657597697899194245e+01
1.634826679419023776e+01
1.612352369982377809e+01
1.590187417859954166e+01
1.568337042972201267e+01
1.546813893589816047e+01
1.525623189633246213e+01
1.504777579373189234e+01
1.484274854379843411e+01
1.464135091274155798e+01
1.444356081626324162e+01
1.424935527096311105e+01
1.405893054753890858e+01
1.387233345058100653e+01
1.368961078467979675e+01
1.351073507092316639e+01
1.333582739740399781e+01
1.316493456871267576e+01
1.299810338943958676e+01
1.283545494767761497e+01
1.267696176451464574e+01
1.252274492804356321e+01
1.237270267584975514e+01
1.222703037952860683e+01
1.208577484367050126e+01
1.194883430586082262e+01
1.181640413769495446e+01
1.168838257675829162e+01
1.156489071114370937e+01
1.144597534544159778e+01
1.133153471723733752e+01
1.122176419812632098e+01
1.111656202569392349e+01
1.101597500453054046e+01
1.092012422272905248e+01
1.082890791787484197e+01
1.074237289455829547e+01
1.066056595736980483e+01
1.058353391089974416e+01
1.051124927623600769e+01
1.044368457446647724e+01
1.038088661018153580e+01
1.032290218797156989e+01
1.026970382892446665e+01
1.022126405412810968e+01
1.017755538467038612e+01
1.013862462514167717e+01
1.010444429662986998e+01
1.007498692022284992e+01
1.005022501700850412e+01
1.003020539157721203e+01
1.001482628151436671e+01
1.000413449141034583e+01
9.998102542353038302e+00
9.996702955430331272e+00
9.999908251730104780e+00
1.000769095234024597e+01
1.002002357834864554e+01
1.003687865084317821e+01
1.005815440740923705e+01
1.008382336913470390e+01
1.011393583232554505e+01
1.014840749314503299e+01
1.018723182297452645e+01
1.023040229319537886e+01
1.027776380818394664e+01
1.032945840632658374e+01
1.038533099199964838e+01
1.044544932008699156e+01
1.050965829496496795e+01
1.057802567151743744e+01
1.065047063762325230e+01
1.072691238116126833e+01
1.080734437351283894e+01
1.089176008605932111e+01
1.098000442317707126e+01
1.107214513974994219e+01
1.116802714015428855e+01
1.126764389577146730e+01
1.137098887798283364e+01
1.147783270766224284e+01
1.158831742319604707e+01
1.170228792896060632e+01
1.181966341283477284e+01
1.194043734619990005e+01
1.206452891693484730e+01
1.219178302941596748e+01
1.232219315502461576e+01
1.245575276514214558e+01
1.259230676414491690e+01
1.273177433991178198e+01
1.287407468032159485e+01
1.301920125675571072e+01
1.316699897359048776e+01
1.331746130220727942e+01
1.347035886347994094e+01
1.362575941229232690e+01
1.378350785302079018e+01
1.394352337354419014e+01
1.410572516174138258e+01
1.427003240549121621e+01
1.443629000917005456e+01
1.460449144415924927e+01
1.477455589833765259e+01
1.494625399257911980e+01
1.511957919826501318e+01
1.529445070327417966e+01
1.547078769548547861e+01
1.564836079577276351e+01
1.582723775901989249e+01
1.600718920610071550e+01
1.618821298215819837e+01
1.637017586037674022e+01
1.655294898770232948e+01
1.673662636158848471e+01
1.692093056197619561e+01
1.710595558631896651e+01
1.729142401455780131e+01
1.747750412764869665e+01
1.766391850553266352e+01
1.785068686216069267e+01
1.803768034447879387e+01
1.822484438293546916e+01
1.841212440797920991e+01
1.859946585005852882e+01
1.878666557261692205e+01
1.897374328960539458e+01
1.916057014796994906e+01
1.934709157815908043e+01
1.953317872711879843e+01
1.971877702529759446e+01
1.990375761964148182e+01
2.008814022410145483e+01
2.027172170212101676e+01
2.045452176765117613e+01
2.063641156763792495e+01
2.081733653252976879e+01
2.099716780927270676e+01
2.117592511181774384e+01
2.135347958711088268e+01
2.152977666560061820e+01
2.170468749423296373e+01
2.187823178695891002e+01
2.205013212371946807e+01
2.222048250196813157e+01
2.238915406865089963e+01
2.255609225421628494e+01
2.272109392210778012e+01
2.288425306977889662e+01
2.304536656067312705e+01
2.320437982523897347e+01
2.336131257742744083e+01
2.351603596418453179e+01
2.366842113245624546e+01
2.381848779619358680e+01
2.396603281884005199e+01
2.411115019784914537e+01
2.425363679666437378e+01
2.439351232923673507e+01
2.453057365900972542e+01
2.466484049993434979e+01
2.479633359061062592e+01
2.492485491772709594e+01
2.505043034312882000e+01
2.517308572866085825e+01
2.529269836916326142e+01
2.540921984297859737e+01
2.552260172844942332e+01
2.563294417092329880e+01
2.573997589823526866e+01
2.584387133923540958e+01
2.594443350526127290e+01
2.604161397465541228e+01
2.613543860926289497e+01
2.622593327092877047e+01
2.631290097099060077e+01
2.639636757129344602e+01
2.647635893368236637e+01
2.655282663649991193e+01
2.662572225808865056e+01
2.669507166029363887e+01
2.676075213795492758e+01
2.682278955291758393e+01
2.688113548352416160e+01
2.693581579161972073e+01
2.698685633904932502e+01
2.703413442065302164e+01
2.707775018177837723e+01
2.711758091726545317e+01
2.715357820545679246e+01
2.718591647520247179e+01
2.721432445433753955e+01
2.723897657171205466e+01
2.725982440566857079e+01
2.727674525104716352e+01
2.728983925319538173e+01
2.729905799045577552e+01
2.730450160817590444e+01
2.730604740119584406e+01
2.730379551486313616e+01
2.729777181102284800e+01
2.728792786801754033e+01
2.727436383119475494e+01
2.725710556239955906e+01
2.723603035647202830e+01
2.721123835875969377e+01
2.718275543110762626e+01
2.715053315185839011e+01
2.711467166635953774e+01
2.707504826945112697e+01
2.703183738998321317e+01
2.698491324770145283e+01
2.693450917948633361e+01
2.688048402961145200e+01
2.682284520935538197e+01
2.676174869700171755e+01
2.669712762032655107e+01
2.662898939060845649e+01
2.655741570262852846e+01
2.648233968416285578e+01
2.640384302999251531e+01
2.632193315139609879e+01
2.623661745965219794e+01
2.614790336603939380e+01
2.605587256533877039e+01
2.596060675233141524e+01
2.586203905479341714e+01
2.576039973451086595e+01
2.565554763575734398e+01
2.554771302031893043e+01
2.543682901597172474e+01
2.532297731749681446e+01
2.520623961967526583e+01
2.508662333378569542e+01
2.496421015460915882e+01
2.483893320992176257e+01
2.471094847800709005e+01
2.458026337014372231e+01
2.444688529761025109e+01
2.431097023869025975e+01
2.417252560466234002e+01
2.403163309030756878e+01
2.388830010690453420e+01
2.374260834923433094e+01
2.359471379558054593e+01
2.344454957371925730e+01
2.329227166193404841e+01
2.313788747150352165e+01
2.298155298071124619e+01
2.282320131733332147e+01
2.266306274315583025e+01
2.250099610245235127e+01
2.233730594051148444e+01
2.217185110160680495e+01
2.200486184752439911e+01
2.183627130604036282e+01
2.166623545543828300e+01
2.149476170699673006e+01
2.132193175549680930e+01
2.114790157922210057e+01
2.097275287295368429e+01
2.079648904014334931e+01
2.061924601994067530e+01
2.044100717666343670e+01
2.026205300863940906e+01
2.008221831318136452e+01
1.990170930511458636e+01
1.972058363225934130e+01
1.953875037543091153e+01
1.935641574945457322e+01
1.917363740215060020e+01
1.899039869783676338e+01
1.880675728433334726e+01
1.862284509296312152e+01
1.843864548804386772e+01
1.825429040089835553e+01
1.806983747934686235e+01
1.788534437120966558e+01
1.770079444080453612e+01
1.751639390295675369e+01
1.733220040548659924e+01
1.714812302920933718e+01
1.696444227245275016e+01
1.678106721603211682e+01
1.659812979127020682e+01
1.641568764598730112e+01
1.623387271150616584e+01
1.605259406864208671e+01
1.587205793222033279e+01
1.569224766655868741e+01
1.551329520297991671e+01
1.533510962229930641e+01
1.515789713934212735e+01
1.498164111842614865e+01
1.480639920737166015e+01
1.463230333750142620e+01
1.445941115663572596e+01
1.428778031259483861e+01
1.411746845319903798e+01
1.394853322626859438e+01
1.378110656312629168e+01
1.361517182808990079e+01
1.345086095248219493e+01
1.328815730062095746e+01
1.312711852032645865e+01
1.296787654292147529e+01
1.281034044922128423e+01
1.265471645405116163e+01
1.250098792172888196e+01
1.234921250007471905e+01
1.219944783690895207e+01
1.205175046800645688e+01
1.190617248096052094e+01
1.176269056781653610e+01
1.162142998762488766e+01
1.148244171593347396e+01
1.134577672829017736e+01
1.121133743323788856e+01
1.107932337332949935e+01
1.094963695710789686e+01
1.082240344362347351e+01
1.069759952492161759e+01
1.057535046005272150e+01
1.045563294106217178e+01
1.033849794349785967e+01
1.022392215940517524e+01
1.011203084783450379e+01
1.000280070083124073e+01
9.896282693943275532e+00
9.792527802718497654e+00
9.691512719202291848e+00
9.593288418942554685e+00
9.497905877487172077e+00
9.405267503379034721e+00
9.315572839171032626e+00
9.228724293406054713e+00
9.144772841631992222e+00
9.063695175894235234e+00
8.985542271740669662e+00
8.910290821216689139e+00
8.837991799870183129e+00
8.768696183249037546e+00
8.702380663398651350e+00
8.639021932364402190e+00
8.578596682191687250e+00
8.521230171930895381e+00
8.466824810124915501e+00
8.415357288819139470e+00
8.366952867063956134e+00
8.321588236904750246e+00
8.279165806884419609e+00
8.239736552550846582e+00
8.203277165949426575e+00
8.169764339125546115e+00
8.139249047627099998e+00
8.111707983499469421e+00
8.087117838788049795e+00
8.065455305538232977e+00
8.046697075795403720e+00
8.030894125107453263e+00
8.017948862017272305e+00
8.007914835334082326e+00
8.000707319907416348e+00
7.996392730853144393e+00
7.994963199784633545e+00
7.996336574812749731e+00
8.000579271053366526e+00
8.007683420119841244e+00
8.017492586620551975e+00
8.030147469173856578e+00
8.045640199393130132e+00
8.063814341886736514e+00
8.084736311770541306e+00
8.108398240657917810e+00
8.134717976659725736e+00
8.163761934891839545e+00
8.195447963465122498e+00
8.229693910490444964e+00
8.266640474586170129e+00
8.306056936858169593e+00
8.348083995924808320e+00
8.392565216394453742e+00
8.439567013382973215e+00
8.488932951498737722e+00
8.540803729360110452e+00
8.594948628072963004e+00
8.651508346255658566e+00
8.710326448516564568e+00
8.771320782966549601e+00
8.834632048223983958e+00
8.900029525394730356e+00
8.967653913097160867e+00
9.037274492437138207e+00
9.108957678530533286e+00
9.182621319488212919e+00
9.258257546923543302e+00
9.335709925444891866e+00
9.415044870168129520e+00
9.496180229204117751e+00
9.579033850663728700e+00
9.663597866160325012e+00
9.749715840302282999e+00
9.837454188205461136e+00
9.926730757980729791e+00
1.001738911423645639e+01
1.010949567208851008e+01
1.020296827964775765e+01
1.029765050152256300e+01
1.039360875282879881e+01
1.049068659817482718e+01
1.058887616917402141e+01
1.068809885515006464e+01
1.078829021027793189e+01
1.088946361344791036e+01
1.099148387654529557e+01
1.109443866196288120e+01
1.119811849808345094e+01
1.130261104729980559e+01
1.140785540499973116e+01
1.151371638306852141e+01
1.162020736039646884e+01
1.172726743237136304e+01
1.183490997788349830e+01
1.194299980881816658e+01
1.205147602056315570e+01
1.216042627551126110e+01
1.226971538554777474e+01
1.237928244606048445e+01
1.248906655243718866e+01
1.259908108356817458e+01
1.270919085133873239e+01
1.281940923463915993e+01
1.292974961235974085e+01
1.304000251288327483e+01
1.315018131510005084e+01
1.326022511439785845e+01
1.337014728966699195e+01
1.347988693629524093e+01
1.358930886616789557e+01
1.369842645817525728e+01
1.380717880770510675e+01
1.391550501014524599e+01
1.402341844438595508e+01
1.413070963881003550e+01
1.423746625581027203e+01
1.434362739077446314e+01
1.444905785558789368e+01
1.455369674563836213e+01
1.465763172331865682e+01
1.476065331701156857e+01
1.486284918910989106e+01
1.496408415149891447e+01
1.506437158306892954e+01
1.516357629570523358e+01
1.526178595180061670e+01
1.535879107973786617e+01
1.545460505840727627e+01
1.554924126669913775e+01
1.564263880000124907e+01
1.573466247019889153e+01
1.582532565618236653e+01
1.591456863692801349e+01
1.600233642576639781e+01
1.608864950311913589e+01
1.617345406590534651e+01
1.625662202754164909e+01
1.633824815195215052e+01
1.641827863605598381e+01
1.649658539326975415e+01
1.657326318751758620e+01
1.664818393221608872e+01
1.672136810778689409e+01
1.679276191114910333e+01
1.686238582272434527e+01
1.693018603943172806e+01
1.699610875819037759e+01
1.706010017591940553e+01
1.712225505654293300e+01
1.718244531347757231e+01
1.724061714364244580e+01
1.729686531096167101e+01
1.735098744534936088e+01
1.740315259423213590e+01
1.745323267102661191e+01
1.750117387265190771e+01
1.754707096303214087e+01
1.759087013908642660e+01
1.763251759773388727e+01
1.767210810289863332e+01
1.770951356799728416e+01
1.774475447345146151e+01
1.777785129968277644e+01
1.780882452711285069e+01
1.783754606915830365e+01
1.786411068974324223e+01
1.788839030228429650e+01
1.791047967070557689e+01
1.793032499192619866e+01
1.794787246286528770e+01
1.796321684744695446e+01
1.797630434259032128e+01
1.798715542871699569e+01
1.799571630274611067e+01
1.800200744509927020e+01
1.800604933619809245e+01
1.800778817296170331e+01
1.800731871931421324e+01
1.800458717217474103e+01
1.799961401196490485e+01
1.799241971910632287e+01
1.798295049051811390e+01
1.797129907159618156e+01
1.795740156661860354e+01
1.794119206133525068e+01
1.792282749200349201e+01
1.790216766087068834e+01
1.787929522069171284e+01
1.785414425721643283e+01
1.782672313969721500e+01
1.779704023738642960e+01
1.776517820303893913e+01
1.773121968940961679e+01
1.769502449874583050e+01
1.765667528380244278e+01
1.761625469733432681e+01
1.757377110859385283e+01
1.752915860333087394e+01
1.748242555079777105e+01
1.743365460374941378e+01
1.738277984793565878e+01
1.732995821961388572e+01
1.727497523752895603e+01
1.721806212144073811e+01
1.715915295709910282e+01
1.709825611375641330e+01
1.703545424416753562e+01
1.697083000108734296e+01
1.690424318676320325e+01
1.683585073745248550e+01
1.676566102240755285e+01
1.669360812737827615e+01
1.661984898862201732e+01
1.654431769188865076e+01
1.646709688993304610e+01
1.638819495200756293e+01
1.630754596386207922e+01
1.622530686175395331e+01
1.614156029843805840e+01
1.605616607616175884e+01
1.596928113118242720e+01
1.588098811625492779e+01
1.579129540063163084e+01
1.570021135356489950e+01
1.560781862780960694e+01
1.551419987612061746e+01
1.541928918424780193e+01
1.532309492144352525e+01
1.522584830746765583e+01
1.512740914456755981e+01
1.502786008549811214e+01
1.492720949951167420e+01
1.482561130077926315e+01
1.472305874812150073e+01
1.461954207827264796e+01
1.451505152796696940e+01
1.440972590094373906e+01
1.430355543393721618e+01
1.419660464718416826e+01
1.408878949391636226e+01
1.398024877787306508e+01
1.387104701929104067e+01
1.376110017140205422e+01
1.365054703794537616e+01
1.353937785565526575e+01
1.342765714476849581e+01
1.331537514201933092e+01
1.320252208414203210e+01
1.308931105837837094e+01
1.297558373445761504e+01
1.286140463261652300e+01
1.274691255659436706e+01
1.263202345962291062e+01
1.251687614544141525e+01
1.240146085078415972e+01
1.228584209588789911e+01
1.217008440098940270e+01
1.205425228632543622e+01
1.193841027213276718e+01
1.182247431164316076e+01
1.170658320859588386e+01
1.159080148322770043e+01
1.147504508877037566e+01
1.135945282896317643e+01
1.124401494054037087e+01
1.112872166023622533e+01
1.101371179179000670e+01
1.089897557193597599e+01
1.078450323740840133e+01
1.067043359194654961e+01
1.055668258878218957e+01
1.044346331515708393e+01
1.033069172430299609e+01
1.021843233645669713e+01
1.010667538835245161e+01
9.995559683729526412e+00
9.885075459322182567e+00
9.775138668362190586e+00
9.665962398091320296e+00
9.557462601741329777e+00
9.449703799548990091e+00
9.342824795253562797e+00
9.236666028269272744e+00
9.131434434262647670e+00
9.027187151580168489e+00
8.923758468060821514e+00
8.821428372558596465e+00
8.720031152912467221e+00
8.619623947468923575e+00
8.520338178076945823e+00
8.422082416078019662e+00
8.324988083321128940e+00
8.228963751147755801e+00
8.134066557904386485e+00
8.040353641937500129e+00
7.947807858091086253e+00
7.856486344711624881e+00
7.766446240145600477e+00
7.677670399236998122e+00
7.590141676829799344e+00
7.503917211270488608e+00
7.418979857403049216e+00
7.335461037076467683e+00
7.253269321632224376e+00
7.172536132919302254e+00
7.093170042279188792e+00
7.015228188058364900e+00
6.938693425100818324e+00
6.863697175255525806e+00
6.790073726361477213e+00
6.718028783770154000e+00
6.647470918823039199e+00
6.578382986364117002e+00
6.510822124739872763e+00
6.444845472296786504e+00
6.380361600376346587e+00
6.317427647325033035e+00
6.256100751489328538e+00
6.196363767713224391e+00
6.138199550840695018e+00
6.081665239218229324e+00
6.026743687689809725e+00
5.973417751099420414e+00
5.921744567793544078e+00
5.871632709113665527e+00
5.823213596908768608e+00
5.776395802520335465e+00
5.731236464294852340e+00
5.687644153573801376e+00
5.645750292206164644e+00
5.605463451533428731e+00
5.566766486399576053e+00
5.529717967491357022e+00
5.494307911354099794e+00
5.460527766873389588e+00
5.428368982934823173e+00
5.397897291926489594e+00
5.369029859231480906e+00
5.341832417237887931e+00
5.316222131328805389e+00
5.292309303993820713e+00
5.270018528966277316e+00
5.249356111832267580e+00
5.230328358177883885e+00
5.212926716888713230e+00
5.197142636850351494e+00
5.182982423648888393e+00
5.170437526169918030e+00
5.159491964948778708e+00
5.150152045571562809e+00
5.142401788573612187e+00
5.136232642840520946e+00
5.131636057257876082e+00
5.128588624010773422e+00
5.127081791984801740e+00
5.127107010065553361e+00
5.128648298788370141e+00
5.131697107038843519e+00
5.136230027002063991e+00
5.142231079213374301e+00
5.149684284208118967e+00
5.158573662521633629e+00
5.168875806339013224e+00
5.180582164545850077e+00
5.193669329327233797e+00
5.208106464518006185e+00
5.223885019003760455e+00
5.240974156619337521e+00
5.259350469549827878e+00
5.278997978330574270e+00
5.299885846796416722e+00
5.321990667132447506e+00
5.345296459874010253e+00
5.369757532155444935e+00
5.395357904512092517e+00
5.422059312428545219e+00
5.449853204790393590e+00
5.478693888731982042e+00
5.508557956438399295e+00
5.539407143394238453e+00
5.571225470134839597e+00
5.603967243794546249e+00
5.637611521938729275e+00
5.672139795303634990e+00
5.707528591655541383e+00
5.743761867110971586e+00
5.780816149436202700e+00
5.818675394747764962e+00
5.857316130811930144e+00
5.896714885394978012e+00
5.936855614613433474e+00
5.977714846233572743e+00
6.019269108021672920e+00
6.061487499393760636e+00
6.104361404816611270e+00
6.147859923706254115e+00
6.191959583828960945e+00
6.236636912951012413e+00
6.281868438838683844e+00
6.327630689258251451e+00
6.373892763625740976e+00
6.420631189707429520e+00
6.467785353518342717e+00
6.515420923027758882e+00
6.563447570849702650e+00
6.611797254648953626e+00
6.660476215592782800e+00
6.709564978350972098e+00
6.758846933583295247e+00
6.808402605959527953e+00
6.858238236646947428e+00
6.908285783310332384e+00
6.958477203614457096e+00
7.008818738726597886e+00
7.059242346311532579e+00
7.109828551039035993e+00
7.160435027071386571e+00
7.211068015575856194e+00
7.261733757719728288e+00
7.312364211167776240e+00
7.362965617087272818e+00
7.413469933142998514e+00
7.463883400502231424e+00
7.514063693327244664e+00
7.564165619790314210e+00
7.614046854053718505e+00
7.663639353782234487e+00
7.713023643645636085e+00
7.762131681308702902e+00
7.810895424436208323e+00
7.859321114195430447e+00
7.907340708251147099e+00
7.954961640489979224e+00
8.002121832173438420e+00
8.048908964287386780e+00
8.095113583807682645e+00
8.140897655222683937e+00
8.186126009010751048e+00
8.230886326157742516e+00
8.275043437142018732e+00
8.318610739446935298e+00
8.361601630555854925e+00
8.404029507952133216e+00
8.445759202114135888e+00
8.486878394027716155e+00
8.527400481176233171e+00
8.567116010535549719e+00
8.606186946594021947e+00
8.644552403332511403e+00
8.682151494731876085e+00
8.718997618275475148e+00
8.755104171446665973e+00
8.790410268226310109e+00
8.824929306097764936e+00
8.858674682544393164e+00
8.891511228044551629e+00
8.923526623584098871e+00
8.954659983143892887e+00
8.984998987709795770e+00
9.014408467760164356e+00
9.042901820778359578e+00
9.070566727750239977e+00
9.097193735651663005e+00
9.122944808970991915e+00
9.147759061689081150e+00
9.171649891289293421e+00
9.194482128249985564e+00
9.216343453557017895e+00
9.237247264693747795e+00
9.257132675641038588e+00
9.276013083882245880e+00
9.293901886900730602e+00
9.310738198677350752e+00
9.326535416695465486e+00
9.341306938438433960e+00
9.355066161389615331e+00
9.367826483032370533e+00
9.379527017347555784e+00
9.390181161818532019e+00
9.399728030426159009e+00
9.408255304156293519e+00
9.415702096989797099e+00
9.422080882749035879e+00
9.427326157109909843e+00
9.431594342594824099e+00
9.434670444213686835e+00
9.436710884488904938e+00
9.437649235435387141e+00
9.437493352570536231e+00
9.436251091411763881e+00
9.433930307476472876e+00
9.430464572779573729e+00
9.425861742838472779e+00
9.420203956673073975e+00
9.413424786298287827e+00
9.405532087231520677e+00
9.396533714990178865e+00
9.386363241589167572e+00
9.375177089550899012e+00
9.362834547387775430e+00
9.349492037622205487e+00
9.335008848766594980e+00
9.319467119840854963e+00
9.302800422859887064e+00
9.285165180346101721e+00
9.266494964314404115e+00
9.246723346779702979e+00
9.225932466761904038e+00
9.204130179778415410e+00
9.181324341346643436e+00
9.157448523481495073e+00
9.132584865202876045e+00
9.106741222028196248e+00
9.079999732977361404e+00
9.052219686562775536e+00
9.023483221804351473e+00
8.993798194219492004e+00
8.963172459325605246e+00
8.931688156142598700e+00
8.899278856685377548e+00
8.866026699973849290e+00
8.831865258022926213e+00
8.796876669852508712e+00
8.761068790980006682e+00
8.724449476922822910e+00
8.687026583198372620e+00
8.648807965324055047e+00
8.609801478817281861e+00
8.570089262697958787e+00
8.529604888980991007e+00
8.488430496686291349e+00
8.446499657828757890e+00
8.403892598002091319e+00
8.360607605592626612e+00
8.316715339062989543e+00
8.272212173373306499e+00
8.227020199981197379e+00
8.181210077349295062e+00
8.134852463940218215e+00
8.087943734714095001e+00
8.040480264631048257e+00
7.992384145148704100e+00
7.943800318232187685e+00
7.894725158841622736e+00
7.845080758434634483e+00
7.794937775473848696e+00
7.744292584919390876e+00
7.693215845233881467e+00
7.641629647874951914e+00
7.589678934807723820e+00
7.537211513987321254e+00
7.484446610881373196e+00
7.431306316947500434e+00
7.377787007145825804e+00
7.323885056436480134e+00
7.269671123282086533e+00
7.215141582642768725e+00
7.160367092981149817e+00
7.105269745754858590e+00
7.049845915924018769e+00
6.994314828956254892e+00
6.938450009304190758e+00
6.882470682435452680e+00
6.826298939807665889e+00
6.769931156380954995e+00
6.713512274120444268e+00
6.656964384483758934e+00
6.600283862431022719e+00
6.543615649927364331e+00
6.486881838430404557e+00
6.430153086402770057e+00
6.373351485302086950e+00
6.316621977093478613e+00
6.259886653234568499e+00
6.203216172187985045e+00
6.146681192416351358e+00
6.090203805377291779e+00
6.033780386030930920e+00
5.977555876342396601e+00
5.921526651271810771e+00
5.865614802276799544e+00
5.809890987819987807e+00
5.754424788228183374e+00
5.699207187782421968e+00
5.644228092627927573e+00
5.589477408909915290e+00
5.535093609778609647e+00
5.480918034374231418e+00
5.427089155846997137e+00
5.373596880342128124e+00
5.320431114004845696e+00
5.267656046482869669e+00
5.215187300418918426e+00
5.163089065460714444e+00
5.111351247753479043e+00
5.060038036944928486e+00
5.009139339180286754e+00
4.958719344107272775e+00
4.908693674368605819e+00
4.859126519612006589e+00
4.810082069485194900e+00
4.761475946630892686e+00
4.713446624199318258e+00
4.665865154731691611e+00
4.618847726327486747e+00
4.572369388431418713e+00
4.526434903889211547e+00
4.481063892247082237e+00
4.436261116350753930e+00
4.392038767396195809e+00
4.348401608229126580e+00
4.305369258395768561e+00
4.262953909092090932e+00
4.221152894813564593e+00
4.179993263456658781e+00
4.139479777867094867e+00
4.099624629240841145e+00
4.060425152073370292e+00
4.021886109210401905e+00
3.984027120198154304e+00
3.946845519532098834e+00
3.910353498408206008e+00
3.874548391321946283e+00
3.839442389469289729e+00
3.805047684046206413e+00
3.771369037898415932e+00
3.738411213871638772e+00
3.706178974811595417e+00
3.674677083564007685e+00
3.643925159675092562e+00
3.613913109290072256e+00
3.584653123604915947e+00
3.556135653839891386e+00
3.528368188215949441e+00
3.501366188379339217e+00
3.475122830925557960e+00
3.449646149150603858e+00
3.424936748000227293e+00
3.401010089120672930e+00
3.377859349107441123e+00
3.355485132906280477e+00
3.333902902163437432e+00
3.313105833474411455e+00
3.293101960135200734e+00
3.273884458741303405e+00
3.255468790938967238e+00
3.237840704973439898e+00
3.221008234140720905e+00
3.204971983386557532e+00
3.189725129306448359e+00
3.175268276846142435e+00
3.161609459301635727e+00
3.148734424918178121e+00
3.136643778641517777e+00
3.125330697067152386e+00
3.114803213491080580e+00
3.105054504508799607e+00
3.096070318365558460e+00
3.087858688357355330e+00
3.080405362729439211e+00
3.073718374777806073e+00
3.067776044397456214e+00
3.062586404884386493e+00
3.058142632834095931e+00
3.054430476491831747e+00
3.051457969153593908e+00
3.049196002364129132e+00
3.047652609419435610e+00
3.046813538564762780e+00
3.046664538045357418e+00
3.047206212806967685e+00
3.048424311094843020e+00
3.050312009504481559e+00
3.052855056281130075e+00
3.056039199670038009e+00
3.059857616266702607e+00
3.064303482666623335e+00
3.069355118764796941e+00
3.075005701156722893e+00
3.081248406437898879e+00
3.088054126153073398e+00
3.095423465247993278e+00
3.103343603406569784e+00
3.111792589366858319e+00
3.120779616706574000e+00
3.130299022302936329e+00
3.140337714682910342e+00
3.150882602373464625e+00
3.161942878952314295e+00
3.173498024596178357e+00
3.185542376182272761e+00
3.198070270587813013e+00
3.211076044690018616e+00
3.224546607015855937e+00
3.238476294442540482e+00
3.252852015497040394e+00
3.267660678706322930e+00
3.282896620947604038e+00
3.298554179098101446e+00
3.314612833334531938e+00
3.331066920534112352e+00
3.347903349223809499e+00
3.365116456280841106e+00
3.382685721881923069e+00
3.400612911254524029e+00
3.418870076225108079e+00
3.437451553670895166e+00
3.456351680469100796e+00
3.475549936796442640e+00
3.495033231179886180e+00
3.514788472146400000e+00
3.534802568222950914e+00
3.555062427936504843e+00
3.575562388164279071e+00
3.596274500732742130e+00
3.617200530869358222e+00
3.638312530400596767e+00
3.659597407853423245e+00
3.681049500105055827e+00
3.702655715682459991e+00
3.724388106412104271e+00
3.746248437521454644e+00
3.768208760836978310e+00
3.790263413235892553e+00
3.812384446544663241e+00
3.834573625990758572e+00
3.856803003400644858e+00
3.879052058951038884e+00
3.901322557869409735e+00
3.923586551982221948e+00
3.945830949816442335e+00
3.968042659899039037e+00
3.990202102350203894e+00
4.012300885414279428e+00
4.034324128928832742e+00
4.056264381081680526e+00
4.078121618410891713e+00
4.099866104053531579e+00
4.121505242897919530e+00
4.143024154781620894e+00
4.164415387892455911e+00
4.185656633717737662e+00
4.206747868795537748e+00
4.227681641313670191e+00
4.248443071109704761e+00
4.269017278021208561e+00
4.289396810235999169e+00
4.309574215941890607e+00
4.329534614976453533e+00
4.349277983877755105e+00
4.368782014133111957e+00
4.388054110630840832e+00
4.407071964858260138e+00
4.425842981703687506e+00
4.444344852654438682e+00
4.462577554248582601e+00
4.480526206323686367e+00
4.498183357067565780e+00
4.515548983018291551e+00
4.532600775663176762e+00
4.549338711540292124e+00
4.565747910487202965e+00
4.581820920691728638e+00
4.597550290341684054e+00
4.612935995975137260e+00
4.627963157429658025e+00
4.642624322893060373e+00
4.656919468903414128e+00
4.670833715298285505e+00
4.684367038615742551e+00
4.697504558693350596e+00
4.710253680419429934e+00
4.722584666931044950e+00
4.734512351466766411e+00
4.746014425513908286e+00
4.757090865610539510e+00
4.767734219944477658e+00
4.777937036703539420e+00
4.787699292425793729e+00
4.797013535299056386e+00
4.805879741861393661e+00
4.814290460300625796e+00
4.822245397952353407e+00
4.829735756992073803e+00
4.836759898743065555e+00
4.843308756178361207e+00
4.849380690621242884e+00
4.854974063394989159e+00
4.860072379122382991e+00
4.864673999126704729e+00
4.868777284731234722e+00
4.872380597259255097e+00
4.875482298034047091e+00
4.878080748378890164e+00
4.880159452916564611e+00
4.881739058021104860e+00
4.882803068315289430e+00
4.883349845122400446e+00
4.883385178115967840e+00
4.882907428619273738e+00
4.881914957955598489e+00
4.880413555798472913e+00
4.878394155120929554e+00
4.875862545596496567e+00
4.872824516898707436e+00
4.869271002000592041e+00
4.865200362225431618e+00
4.860625815597007460e+00
4.855530866738099860e+00
4.849928733672492775e+00
4.843817777723463003e+00
4.837196360214292667e+00
4.830070270818514366e+00
4.822445299209658920e+00
4.814319806711004013e+00
4.805714439696585849e+00
4.796620131139432530e+00
4.787057527413574043e+00
4.777017561492044706e+00
4.766520879748871842e+00
4.755550986806841074e+00
4.744135957390227532e+00
4.732259296121815950e+00
4.719934221025386734e+00
4.707173950124722950e+00
4.693969416392850924e+00
4.680326409503305030e+00
4.666265575830115253e+00
4.651792705046813303e+00
4.636906158476679529e+00
4.621619154143495223e+00
4.605937481720791205e+00
4.589873324521019704e+00
4.573419870310814872e+00
4.556584128845983628e+00
4.539373109882327562e+00
4.521771538124906620e+00
4.503793851679775528e+00
4.485439631952487183e+00
4.466708460348600696e+00
4.447607346623917657e+00
4.428143300534246762e+00
4.408315903485141796e+00
4.388147021932910619e+00
4.367643665633353933e+00
4.346797987641782157e+00
4.325631854414498711e+00
4.304137419006807797e+00
4.282336547875018162e+00
4.260221394074432233e+00
4.237806395711108287e+00
4.215098562540848803e+00
4.192090047618961535e+00
4.168795289051501207e+00
4.145228724944523435e+00
4.121382508353334195e+00
4.097285934084487380e+00
4.072938583543541213e+00
4.048340038136048591e+00
4.023519592668565181e+00
3.998469400196398293e+00
3.973203898825602653e+00
3.947722669961733377e+00
3.922047580061096106e+00
3.896178210529246400e+00
3.870121571121988957e+00
3.843884671595131142e+00
3.817481950054726791e+00
3.790927844606831965e+00
3.764214508306752638e+00
3.737378664311294063e+00
3.710412465675760885e+00
3.683337778856460076e+00
3.656161613609196337e+00
3.628905836390275308e+00
3.601570028605250773e+00
3.574161200009931871e+00
3.546701217060621136e+00
3.519189661162874572e+00
3.491640970422748680e+00
3.464062154596048160e+00
3.436467651788829070e+00
3.408856250365208673e+00
3.381253279924551158e+00
3.353646135273534945e+00
3.326051924619835010e+00
3.298480327820879854e+00
3.270926168033595260e+00
3.243406553465659314e+00
3.215923735624247382e+00
3.188479966016537936e+00
3.161092352850206399e+00
3.133755719282178998e+00
3.106487173520135592e+00
3.079281538721000633e+00
3.052163351442701789e+00
3.025120006491915703e+00
2.998168612076319128e+00
2.971318848053338790e+00
2.944565537579902692e+00
2.917918360513436671e+00
2.891386996711367896e+00
2.864973697680873510e+00
2.838695571629629821e+00
2.812547441714563945e+00
2.786546416143352634e+00
2.760694746423173029e+00
2.735009540761701885e+00
2.709485622315865871e+00
2.684147527643592657e+00
2.658982651551557996e+00
2.634015530597688670e+00
2.609233559588663542e+00
2.584653846732156701e+00
2.560271215185097482e+00
2.536102773155160861e+00
2.512150772149525313e+00
2.488410035325116176e+00
2.464905099239862007e+00
2.441623358700438562e+00
2.418581921914522592e+00
2.395790468739541268e+00
2.373243822332421260e+00
2.350951662550589738e+00
2.328923669251473871e+00
2.307154665592000331e+00
2.285661759779844981e+00
2.264432346621686243e+00
2.243483534325199091e+00
2.222810146047313307e+00
2.202421861645453394e+00
2.182328360977046522e+00
2.162524563809812950e+00
2.143013204704898644e+00
2.123811971534740106e+00
2.104916267121025086e+00
2.086328922635691363e+00
2.068067625951178545e+00
2.050120351538922137e+00
2.032504787271361746e+00
2.015208907619934653e+00
1.998242972106827553e+00
1.981602383553730418e+00
1.965304829833080413e+00
1.949338285416314598e+00
1.933705581475371860e+00
1.918416977532439560e+00
1.903475304759455033e+00
1.888868537627857114e+00
1.874614364010083190e+00
1.860708186727821456e+00
1.847152836953009469e+00
1.833951145857585674e+00
1.821098516263237155e+00
1.808597779341902134e+00
1.796459194615768418e+00
1.784663308206023924e+00
1.773227807985106930e+00
1.762148096774704520e+00
1.751419577396504890e+00
1.741045081022446039e+00
1.731027438824465747e+00
1.721354625274002625e+00
1.712036899893243147e+00
1.703069665503876173e+00
1.694455753277838594e+00
1.686183137686570133e+00
1.678254649902007012e+00
1.670673121096087899e+00
1.663433954090499878e+00
1.656539980057181616e+00
1.649979173467570392e+00
1.643754365493605318e+00
1.637868387307222617e+00
1.632309213379860680e+00
1.627079674883457727e+00
1.622175174639701956e+00
1.617583687120030200e+00
1.613315471846631599e+00
1.609358503290943210e+00
1.605708184274652561e+00
1.602359917619448293e+00
1.599309730133486873e+00
1.596556144570804081e+00
1.594098307671903747e+00
1.591935366177289479e+00
1.590073895177715357e+00
1.588498184713186268e+00
1.587214809874455845e+00
1.586215489051778116e+00
1.585499368985657576e+00
1.585073024766847860e+00
1.584920746435353633e+00
1.585041680731678282e+00
1.585442402746576773e+00
1.586107202520053328e+00
1.587042655142861136e+00
1.588240479005254446e+00
1.589699820847738421e+00
1.591412399060566196e+00
1.593384788734491853e+00
1.595593851559270249e+00
1.598053590975905269e+00
1.600748297024400690e+00
1.603677116445260786e+00
1.606831767628739804e+00
1.610218825665591602e+00
1.613815152245570816e+00
1.617627322459431527e+00
1.621647054697427315e+00
1.625873495700062454e+00
1.630290935507341166e+00
1.634898520859767723e+00
1.639695398497846623e+00
1.644665858461580754e+00
1.649809047491475722e+00
1.655124112328034247e+00
1.660595343011261438e+00
1.666214457931411097e+00
1.671988032179237749e+00
1.677892927444494697e+00
1.683935718817936911e+00
1.690100696339567277e+00
1.696387006749891624e+00
1.702778940088913506e+00
1.709275643097135866e+00
1.715876262515064088e+00
1.722557660032451921e+00
1.729326410740053666e+00
1.736166804677873099e+00
1.743070560236164246e+00
1.750036824155432047e+00
1.757050838376458479e+00
1.764109080793390572e+00
1.771216409551403803e+00
1.778370254445423182e+00
1.785560616920124355e+00
1.792784926770433218e+00
1.800048042141524807e+00
1.807339964478073879e+00
1.814665551925256803e+00
1.822014805927748116e+00
1.829392584630723517e+00
1.836788889478859099e+00
1.844201150267079425e+00
1.851634225140560419e+00
1.859078115543977061e+00
1.866530251272254359e+00
1.873988062120318432e+00
1.881456406233344980e+00
1.888917856705758291e+00
1.896384700032984760e+00
1.903839509309449118e+00
1.911287142680327067e+00
1.918725029940544502e+00
1.926143172534775738e+00
1.933546428608196477e+00
1.940932227955733058e+00
1.948290572022059575e+00
1.955618890602102145e+00
1.962922041841036247e+00
1.970190027183537085e+00
1.977427704774779693e+00
1.984625076059440163e+00
1.991786999182693085e+00
1.998903475589214773e+00
2.005971935073930013e+00
2.012997235782013838e+00
2.019961950807892759e+00
2.026878366646991392e+00
2.033736484743985162e+00
2.040526306543549495e+00
2.047260118541109897e+00
2.053927922181342236e+00
2.060527147259171077e+00
2.067062651919771898e+00
2.073517009257570543e+00
2.079902505767992071e+00
2.086209142895712798e+00
2.092441778785906425e+00
2.098582986532999684e+00
2.104645052632417634e+00
