# te
2.408804384015597488e+00
3.059600172968376608e+00
3.190259854996380984e+00
3.002271366743168635e+00
2.658034970584237655e+00
2.262057818126525621e+00
1.880189041566781238e+00
1.545223632730190255e+00
1.275023627565311957e+00
1.078050601289154864e+00
9.576284832582793172e-01
9.030018506407447854e-01
8.959161428618563905e-01
9.208319319552893401e-01
9.693103060891750111e-01
1.029361634887639099e+00
1.091048301494366157e+00
1.151547908045341462e+00
1.201327341156005701e+00
1.243812866546317286e+00
1.280317448181228057e+00
1.314267049142899380e+00
1.348904591166796507e+00
1.380170821334395281e+00
1.414198782484117345e+00
1.452236166203905166e+00
1.489194053748324365e+00
1.528760422872904590e+00
1.562208163576225051e+00
1.596359286818098244e+00
1.622497066945306265e+00
1.638586769731279258e+00
1.646294593332013001e+00
1.638434693685868693e+00
1.626793129794949833e+00
1.603965566786211161e+00
1.570477217977086282e+00
1.528155360352566605e+00
1.478131388655157474e+00
1.421405260398028281e+00
1.358384329024747039e+00
1.288928523135545179e+00
1.211293247676653362e+00
1.123429345234053578e+00
1.024059799959567973e+00
9.131390747058835133e-01
7.909109311252793262e-01
6.576934143725337023e-01
5.139434797521005294e-01
3.601945098880405260e-01
1.970835455560430993e-01
2.506361689164009199e-02
-1.562714089595516886e-01
-3.476972995603555550e-01
-5.504918120410742244e-01
-7.653758010276086043e-01
-9.922516471728998200e-01
-1.230734253975212855e+00
-1.480022537318813391e+00
-1.739443887777439635e+00
-2.009196155494724856e+00
-2.289709662207273233e+00
-2.581407301301439361e+00
-2.884771392965578940e+00
-3.200198891082079111e+00
-3.526905880731204590e+00
-3.863807658530002520e+00
-4.209849234496521042e+00
-4.564168755755305895e+00
-4.926292786389773859e+00
-5.297130706263062372e+00
-5.677720319938428517e+00
-6.068029749543130791e+00
-6.467692841443174245e+00
-6.876308063428806072e+00
-7.292797527769244503e+00
-7.717139935644693693e+00
-8.149611122245358885e+00
-8.590635489766446753e+00
-9.040289154382680437e+00
-9.497997923211837445e+00
-9.963210734863707785e+00
-1.043507939393808392e+01
-1.091312712254726236e+01
-1.139654033730337268e+01
-1.188486675337543197e+01
-1.237768869794479620e+01
-1.287466278169532075e+01
-1.337559418231585795e+01
-1.388006410772026555e+01
-1.438794642276237212e+01
-1.489881673901850512e+01
-1.541254780207499486e+01
-1.592871522350817060e+01
-1.644696889839685383e+01
-1.696695872181988207e+01
-1.748833458885607683e+01
-1.801067211108177091e+01
-1.853354690007328642e+01
-1.905653456740695617e+01
-1.957943357516660754e+01
-2.010152240091856513e+01
-2.062252522324416049e+01
-2.114194337021722347e+01
-2.165920388640908101e+01
-2.217395666689855460e+01
-2.268570303975948477e+01
-2.319387004956319132e+01
-2.369810759138849932e+01
-2.419799033920586240e+01
-2.469286636605472296e+01
-2.518245422488113405e+01
-2.566617533462114054e+01
-2.614359968121582156e+01
-2.661429725060622431e+01
-2.707776374523089657e+01
-2.753349486752840747e+01
-2.798113488694230711e+01
-2.842017950591116104e+01
-2.885012442687352774e+01
-2.927061391927295730e+01
-2.968114368554800464e+01
-3.008120942813723886e+01
-3.047045541648421008e+01
-3.084845163652997613e+01
-3.121469379071309191e+01
-3.156882614847711466e+01
-3.191041869576310575e+01
-3.223896713500961653e+01
-3.255411695296876218e+01
-3.285544422212424820e+01
-3.314260051577088717e+01
-3.341508884019845027e+01
-3.367270933570670621e+01
-3.391489072508294811e+01
-3.414128458162195301e+01
-3.435161676212099735e+01
-3.454553883987485818e+01
-3.472270238817832677e+01
-3.488283326382867244e+01
-3.502550875661817997e+01
-3.515052900684662518e+01
-3.525754558780879222e+01
-3.534613578929695876e+01
-3.541617403511340711e+01
-3.546716333154792267e+01
-3.549890381890026703e+01
-3.551104707046523856e+01
-3.550324465953760011e+01
-3.547528987742192186e+01
-3.542694861944180929e+01
-3.535797993192567645e+01
-3.526829142820689356e+01
-3.515756787111136816e+01
-3.502571687397249178e+01
-3.487249748311865716e+01
-3.469774302838075641e+01
-3.450128683958968878e+01
-3.428303653007883867e+01
-3.404275114617661302e+01
-3.378041258471888852e+01
-3.349570560853157986e+01
-3.318868639795307018e+01
-3.285911399931175225e+01
-3.250697030944350985e+01
-3.213216294168175580e+01
-3.173482235986736910e+01
-3.131485617733375904e+01
-3.087224629091680228e+01
-3.040697459745240749e+01
-2.991909727727895429e+01
-2.940859622723234779e+01
-2.887552762765097114e+01
-2.832009622587823117e+01
-2.774227784794895513e+01
-2.714209832019621516e+01
-2.651965168165454045e+01
-2.587495768785595018e+01
-2.520818466133746227e+01
-2.451950092463609820e+01
-2.380900051678637652e+01
-2.307685176032531871e+01
-2.232329726129244207e+01
-2.154828249171726640e+01
-2.075219862464431131e+01
-1.993513969910810602e+01
-1.909742260465065655e+01
-1.823921566380898796e+01
-1.736083576612512402e+01
-1.646259980114108146e+01
-1.554460180789138235e+01
-1.460715867591803985e+01
-1.365073586176808362e+01
-1.267557597148102566e+01
-1.168214446160388675e+01
-1.067075822167868893e+01
-9.641808424749953588e+00
-8.595611960359697434e+00
-7.532708568557445084e+00
-6.453323429323517324e+00
-5.357983435913969750e+00
-4.246826638013162736e+00
-3.120288219315462630e+00
-1.978729080012725516e+00
-8.224358367943137571e-01
3.482974653001615351e-01
1.532953930723588432e+00
2.731083519081108246e+00
3.942213904927108992e+00
5.165881676836280079e+00
6.401610052352859626e+00
7.648931163041385872e+00
8.907371197786199346e+00
1.017642811774068967e+01
1.145559245570799156e+01
1.274433245944049986e+01
1.404222780194434783e+01
1.534867987581968229e+01
1.666325349737213202e+01
1.798529063239984183e+01
1.931443038071095586e+01
2.064994042460110180e+01
2.199138558037592617e+01
2.333803353033106731e+01
2.468944909077216110e+01
2.604497422749734881e+01
2.740402518980727109e+01
2.876601822700256506e+01
3.013036958838386425e+01
3.149642123974932062e+01
3.286358943039956415e+01
3.423121612613272191e+01
3.559864329274697070e+01
3.696536146304539727e+01
3.833063831932368970e+01
3.969381582737995728e+01
4.105431023651485134e+01
4.241146351252650248e+01
4.376446905420805678e+01
4.511289167786514298e+01
4.645592478229091427e+01
4.779291033328350125e+01
4.912333886364604041e+01
5.044647805567418430e+01
5.176174415866856293e+01
5.306847913842731401e+01
5.436595067724606878e+01
5.565364930792797793e+01
5.693084271276867980e+01
5.819673332346054195e+01
5.945078255380038712e+01
6.069231228347930340e+01
6.192057010868580136e+01
6.313502647611598206e+01
6.433500326546088388e+01
6.552004520691905043e+01
6.668925132967405034e+01
6.784320633295946834e+01
6.897982070991884029e+01
7.009997629379570583e+01
7.120232641275867991e+01
7.228701006502626569e+01
7.335268057876703551e+01
7.440021978722457163e+01
7.542753818354240991e+01
7.643403193091410230e+01
7.742058286258323108e+01
7.838510147169334630e+01
7.932846959148800181e+01
8.024859771511074769e+01
8.114636767580516619e+01
8.202043280173978701e+01
8.287167492615819242e+01
8.369800454220396091e+01
8.450030348312058948e+01
8.527722507707667887e+01
8.602816548726579526e+01
8.675400654693146407e+01
8.745340158424225763e+01
8.812648959741673593e+01
8.877266674964847937e+01
8.939132920413101147e+01
8.998187312405789839e+01
9.054443750764771437e+01
9.107916135311901940e+01
9.158544082366536543e+01
9.206192924745529638e+01
9.251025129275737413e+01
9.292831745271517718e+01
9.331700956057225937e+01
9.367572377952215845e+01
9.400459910778344863e+01
9.430228887352468803e+01
9.456967490998943049e+01
9.480615338037125639e+01
9.501037761283869543e+01
9.518322944063531565e+01
9.532484786197969129e+01
9.543462904006534586e+01
9.551269719235484956e+01
9.555911741328667119e+01
9.557394001654328974e+01
9.555721531580714156e+01
9.550825078973569759e+01
9.542709675201142261e+01
9.531380351631679559e+01
9.516842139633425290e+01
9.499100070574624510e+01
9.478159175823527960e+01
9.453875919743379086e+01
9.426403900707425976e+01
9.395673866581411460e+01
9.361690848733584858e+01
9.324459878532191226e+01
9.283985987345475621e+01
9.240348490044186747e+01
9.193478134494068854e+01
9.143379952063369842e+01
9.090133257622835572e+01
9.033743082540709679e+01
8.974140174682740678e+01
8.911403848919675852e+01
8.845613420122261061e+01
8.776699636156240558e+01
8.704741811892360204e+01
8.629670695196368513e+01
8.551565600939009926e+01
8.470580127493532530e+01
8.386570739223184034e+01
8.299616750998706038e+01
8.209723194188346440e+01
8.117043667165351906e+01
8.021508917795468108e+01
7.923198260949445171e+01
7.822116727995523888e+01
7.718417917306950926e+01
7.612032576749477641e+01
7.503114304696345016e+01
7.391668132515802370e+01
7.277699091576093338e+01
7.161212213245465819e+01
7.042361095897166479e+01
6.921076487396940990e+01
6.797437702615535216e+01
6.671449772921195631e+01
6.543192013184669520e+01
6.412669454774199096e+01
6.280109979565534672e+01
6.145444335424422633e+01
6.008823760807659653e+01
5.870315771003746619e+01
5.729911237882239305e+01
5.587823883820193771e+01
5.443970297184662144e+01
5.298415633347698872e+01
5.151225047681359825e+01
5.002463695557698742e+01
4.852122448846269975e+01
4.700340746421625937e+01
4.547005463249824686e+01
4.392293179956666194e+01
4.236254195213710005e+01
4.078946236042755658e+01
3.920441886166110379e+01
3.760813729306076425e+01
3.600119492484460437e+01
3.438439187773814609e+01
3.275837970546195521e+01
3.112373567823405196e+01
2.948125991677999025e+01
2.783152969131781163e+01
2.617527083907057062e+01
2.451320919726129688e+01
2.284584775260553613e+01
2.117398662582884583e+01
1.949820308714924977e+01
1.781914869028729598e+01
1.613754927246603899e+01
1.445405638740600729e+01
1.276924730532525487e+01
1.108384786344682027e+01
9.398583898993749131e+00
7.714255532691588257e+00
6.031514318260875029e+00
4.351234659929657411e+00
2.674068111418469229e+00
1.000814793452865725e+00
-6.677994567441130069e-01
-2.331048801949423765e+00
-3.988207404940029122e+00
-5.638549428492874327e+00
-7.281423318887426888e+00
-8.916177522403135214e+00
-1.054201191831446849e+01
-1.215828238125111405e+01
-1.376427793069053784e+01
-1.535933958456195292e+01
-1.694277121904330841e+01
-1.851389602402321088e+01
-2.007205202914968467e+01
-2.161660096702721034e+01
-2.314694169507042076e+01
-2.466242552925236353e+01
-2.616244835564759441e+01
-2.764647291548288166e+01
-2.911376138452829210e+01
-3.056372450555884868e+01
-3.199577302134960632e+01
-3.340924339117311348e+01
-3.480376920831189835e+01
-3.617868693203850228e+01
-3.753363015563549254e+01
-3.886800962187788144e+01
-4.018138464054574399e+01
-4.147331452141908414e+01
-4.274313572377047876e+01
-4.399048184088245250e+01
-4.521476361553006029e+01
-4.641554035749332741e+01
-4.759229709304981526e+01
-4.874444456497455747e+01
-4.987154208304760061e+01
-5.097314895704899129e+01
-5.204882449675875478e+01
-5.309842514596694940e+01
-5.412158449795612114e+01
-5.511801042951129403e+01
-5.608748510092004835e+01
-5.702956782196236674e+01
-5.794411503642835015e+01
-5.883083462110301554e+01
-5.968928588576640237e+01
-6.051932527420856189e+01
-6.132051209620954779e+01
-6.209262851205688349e+01
-6.283538239853561436e+01
-6.354848163243079284e+01
-6.423163409052745010e+01
-6.488477050011813674e+01
-6.550767302149039040e+01
-6.610019809843427652e+01
-6.666205360773480493e+01
-6.719317027668452624e+01
-6.769340454907350590e+01
-6.816261286869176672e+01
-6.860094881333935746e+01
-6.900834311030881452e+01
-6.938480077039520211e+01
-6.973040108789602698e+01
-7.004513382068259375e+01
-7.032885343142861245e+01
-7.058147341338649028e+01
-7.080283297630619188e+01
-7.099284561344016709e+01
-7.115135053453836633e+01
-7.127826123285318261e+01
-7.137334263463210959e+01
-7.143673108363505264e+01
-7.146856292362197394e+01
-7.146815737982528560e+01
-7.143780501757747459e+01
-7.137608222708594496e+01
-7.128379390363313917e+01
-7.116100210747653421e+01
-7.100851173389852988e+01
-7.082564200813158095e+01
-7.061319782545812984e+01
-7.037124124613562515e+01
-7.009983433042150125e+01
-6.979829630354819869e+01
-6.946817489582315375e+01
-6.910804649745381312e+01
-6.872020167377262112e+01
-6.830321681498701025e+01
-6.785789681637943715e+01
-6.738504657323231584e+01
-6.688472814580312331e+01
-6.635804356338427112e+01
-6.580446061821321280e+01
-6.522478420557237655e+01
-6.461937351972922272e+01
-6.398866203845368261e+01
-6.333308323951570173e+01
-6.265299631718271911e+01
-6.194890903272715832e+01
-6.122118058041650102e+01
-6.047039300502564174e+01
-5.969712835132955320e+01
-5.890189438060065896e+01
-5.808534742111643112e+01
-5.724792095064677255e+01
-5.639034558097164052e+01
-5.551298050635845982e+01
-5.461663062208970132e+01
-5.370172940593529631e+01
-5.276893318617266004e+01
-5.181889829107928591e+01
-5.085220676543005425e+01
-4.986936637049745258e+01
-4.887108249597766019e+01
-4.785795964323190788e+01
-4.683042852453269944e+01
-4.578929126966501428e+01
-4.473505287440383427e+01
-4.366829261802667617e+01
-4.258958977981101413e+01
-4.149959792253683588e+01
-4.039889632548164400e+01
-3.928813855142541911e+01
-3.816782959614315729e+01
-3.703862302241484628e+01
-3.590117239302047381e+01
-3.475598270373504306e+01
-3.360370751733853467e+01
-3.244507468011343576e+01
-3.128058918783475306e+01
-3.011097888678495949e+01
-2.893689733974406408e+01
-2.775892382598953390e+01
-2.657778619180388091e+01
-2.539406371646458282e+01
-2.420840996275163448e+01
-2.302155277694753366e+01
-2.183407143832976161e+01
-2.064661950967830961e+01
-1.945985055377317607e+01
-1.827449241689684811e+01
-1.709105009482431115e+01
-1.591040000084305639e+01
-1.473312141423058286e+01
-1.356009074827437821e+01
-1.239181299874942788e+01
-1.122916457894323017e+01
-1.007272476813326989e+01
-8.923369979607038260e+00
-7.781605209139529578e+00
-6.648158303013231851e+00
-5.523757107510637532e+00
-4.408980901909237637e+00
-3.304483248989019906e+00
-2.210991995032478563e+00
-1.129108704367852045e+00
-5.947951142488102499e-02
9.973014478184428766e-01
2.040632609033878442e+00
3.069897551192684482e+00
4.084509566667121838e+00
5.083842577573125077e+00
6.067301705097675857e+00
7.034266227790773485e+00
7.984156163649316795e+00
8.916399115609342729e+00
9.830437543307388282e+00
1.072569162132923815e+01
1.160158895261093370e+01
1.245763142359101039e+01
1.329321692380450237e+01
1.410797362164419866e+01
1.490138111849788594e+01
1.567291901575335444e+01
1.642228976530588724e+01
1.714882440153826693e+01
1.785215109284328960e+01
1.853189800761374428e+01
1.918769331424240576e+01
1.981901661411706783e+01
2.042557035913301888e+01
2.100698271768304437e+01
2.156288185815992975e+01
2.209282166545396464e+01
2.259665315846543265e+01
2.307393022208462341e+01
2.352450387521182762e+01
2.394815085324482240e+01
2.434457360807889970e+01
2.471347459160935500e+01
2.505455625573145895e+01
2.536774390284801228e+01
2.565273998485429630e+01
2.590924695364559938e+01
2.613704154461970219e+01
2.633597477667690256e+01
2.650574910171248177e+01
2.664621553862672343e+01
2.675715082281741886e+01
2.683855454018986109e+01
2.689027770964431951e+01
2.691224563358359845e+01
2.690430933090797794e+01
2.686646838752274391e+01
2.679849953882569480e+01
2.670047665422459815e+01
2.657239931962475055e+01
2.641426712093144147e+01
2.622607964404994974e+01
2.600776219138307255e+01
2.575946291584109815e+01
2.548110711982679888e+01
2.517284295625047008e+01
2.483480250776991483e+01
2.446712785953546998e+01
2.406972217593748198e+01
2.364271147187379896e+01
2.318614747873978033e+01
2.270015621143327067e+01
2.218471511784711936e+01
2.164002449638168102e+01
2.106628464543730317e+01
2.046354729640934167e+01
1.983193846419563755e+01
1.917158416369404605e+01
1.848268469330492181e+01
1.776551463493110816e+01
1.702034857047545913e+01
1.624760964884582393e+01
1.544749816844255363e+01
1.462043727817349748e+01
1.376670155994151479e+01
1.288663987915194120e+01
1.198052681770763606e+01
1.104878552451644502e+01
1.009176486498372327e+01
9.109739421012323035e+00
8.103058058007588826e+00
7.072143924877373422e+00
6.017271603524523726e+00
4.938864242856900511e+00
3.837493558787343328e+00
2.713582700223708066e+00
1.567554816073840618e+00
3.999816222505977459e-01
-7.887880158406750386e-01
-1.998182382287123193e+00
-3.227659474576900500e+00
-4.476699575248904495e+00
-5.744738396740535435e+00
-7.031211651489189585e+00
-8.335577336983021723e+00
-9.657272651329479984e+00
-1.099572884995581035e+01
-1.235031181880706619e+01
-1.372038150114809696e+01
-1.510528446921330037e+01
-1.650438215193757330e+01
-1.791703597825582506e+01
-1.934252566525019290e+01
-2.078033892380983616e+01
-2.222960690401189865e+01
-2.368975788994353238e+01
-2.516002317391014032e+01
-2.663981176662262840e+01
-2.812863282102016171e+01
-2.962592120653939531e+01
-3.113111179261699846e+01
-3.264349088168461321e+01
-3.416264191018393603e+01
-3.568777689704408829e+01
-3.721840499520426704e+01
-3.875388679059859953e+01
-4.029358286916127696e+01
-4.183692810032893306e+01
-4.338320878653325252e+01
-4.493178551370839102e+01
-4.648209315129100361e+01
-4.803349228521524594e+01
-4.958526921791278852e+01
-5.113678453531780121e+01
-5.268747310686692487e+01
-5.423662123499182286e+01
-5.578358950562667928e+01
-5.732781278820812787e+01
-5.886850310166534683e+01
-6.040516959893749060e+01
-6.193702429895373029e+01
-6.346342778764820025e+01
-6.498381493445759816e+01
-6.649732347480855310e+01
-6.800331399463523496e+01
-6.950114707987182783e+01
-7.098996046594496079e+01
-7.246918902229131731e+01
-7.393804476784005431e+01
-7.539603685553032619e+01
-7.684252587129627443e+01
-7.827650098355960040e+01
-7.969821418028445237e+01
-8.110702604740497179e+01
-8.250155433583034892e+01
-8.388115963149472520e+01
-8.524594535535726436e+01
-8.659527209335213627e+01
-8.792850043141346816e+01
-8.924424812045047872e+01
-9.054261858142228903e+01
-9.182222956523807511e+01
-9.308318449285700069e+01
-9.432410111518818496e+01
-9.554508285319086269e+01
-9.674549029279913270e+01
-9.792469316098173238e+01
-9.908209774884559806e+01
-1.002178623235572132e+02
-1.013299166472080088e+02
-1.024191618219895474e+02
-1.034842704450182680e+02
-1.045254007834606256e+02
-1.055427111044831463e+02
-1.065341311701772753e+02
-1.075005620827345183e+02
-1.084414192742963507e+02
-1.093553753419792685e+02
-1.102425885529497123e+02
-1.111024743393492145e+02
-1.119351909683442159e+02
-1.127401538720761920e+02
-1.135160356476616670e+02
-1.142629945622670959e+02
-1.149804460480339401e+02
-1.156692912071537478e+02
-1.163282026367429296e+02
-1.169573386039679974e+02
-1.175568573759954063e+02
-1.181261743849666743e+02
-1.186647050630232627e+02
-1.191733505123566772e+02
-1.196507833300833710e+02
-1.200979046183948498e+02
-1.205126441393825445e+02
-1.208966458302629690e+02
-1.212493251231776412e+02
-1.215693546152429718e+02
-1.218576354086504807e+02
-1.221128401005166779e+02
-1.223366126280579920e+02
-1.225276255883909187e+02
-1.226860372486819557e+02
-1.228120058760975439e+02
-1.229049469027792156e+02
-1.229642757608684462e+02
-1.229916363875816785e+02
-1.229864442150604447e+02
-1.229481146754461776e+02
-1.228768060359053464e+02
-1.227726765636044917e+02
-1.226366273607350763e+02
-1.224673310244135820e+02
-1.222656886568314576e+02
-1.220318585251552292e+02
-1.217659988965513094e+02
-1.214675073469303044e+02
-1.211364528623037842e+02
-1.207743722425024373e+02
-1.203798309472568917e+02
-1.199536229413728421e+02
-1.194957993546309325e+02
-1.190064113168118922e+02
-1.184869956277462677e+02
-1.179361177471648006e+02
-1.173545716398731429e+02
-1.167424084356519671e+02
-1.160996792642819173e+02
-1.154271780905686597e+02
-1.147234703742428508e+02
-1.139900929151351789e+02
-1.132263540080012518e+02
-1.124323047826217987e+02
-1.116079963687774779e+02
-1.107549655662989068e+02
-1.098732635049667721e+02
-1.089629413145617605e+02
-1.080240501248644591e+02
-1.070581267357056277e+02
-1.060652222768658817e+02
-1.050453878781258652e+02
-1.040001603393162952e+02
-1.029288479551927793e+02
-1.018329875255860060e+02
-1.007118873452516681e+02
-9.956782704904537695e+01
-9.840011493172281121e+01
-9.720954495808965135e+01
-9.599542542290154756e+01
-9.475929312598915999e+01
-9.350045636210816724e+01
-9.221896626103921335e+01
-9.091635962261294424e+01
-8.959120190656008731e+01
-8.824577274773625390e+01
-8.687938044089713685e+01
-8.549504745592335553e+01
-8.409208208757063119e+01
-8.267202113566958133e+01
-8.123565856502588645e+01
-7.978453117547019247e+01
-7.831794726175819221e+01
-7.683744362372053160e+01
-7.534307139113788310e+01
-7.383562452881588456e+01
-7.231441133151022882e+01
-7.078168424313079754e+01
-6.923661560370436518e+01
-6.767983623236195001e+01
-6.611271978325954990e+01
-6.453441140547818122e+01
-6.294702758819884281e+01
-6.134897064547755008e+01
-5.974309990152029570e+01
-5.812856050540811736e+01
-5.650598327627199069e+01
-5.487689043527294785e+01
-5.324183851803949352e+01
-5.160168119421013699e+01
-4.995719784992085977e+01
-4.830916787130769308e+01
-4.665837064450664684e+01
-4.500521413814121274e+01
-4.334980918682491335e+01
-4.169248947567876940e+01
-4.003358868982375895e+01
-3.837336623087840337e+01
-3.671200721695871039e+01
-3.504991961668819300e+01
-3.338803138320785280e+01
-3.172741903666369012e+01
-3.006915909720173019e+01
-2.841432808496797335e+01
-2.676385395310342474e+01
-2.511888750525659475e+01
-2.348035669456849206e+01
-2.184852092265762380e+01
-2.022378815814749231e+01
-1.860626923565161661e+01
-1.699622355678850028e+01
-1.539398480667915159e+01
-1.379966381993707181e+01
-1.221374284868828219e+01
-1.063685271206377614e+01
-9.069995646707070591e+00
-7.513951038754169254e+00
-5.969721124848587301e+00
-4.438085291126319554e+00
-2.919971490728387131e+00
-1.416233393293291565e+00
7.272103255545775413e-02
1.546283252737601366e+00
3.004097297081385509e+00
4.445666056760297913e+00
5.870542935729533340e+00
7.278264995573732854e+00
8.668400102615366976e+00
1.004059180068662904e+01
1.139449958165703336e+01
1.272978293739610045e+01
1.404610135977335261e+01
1.534315148240955473e+01
1.662058536882398130e+01
1.787798079903339854e+01
1.911469270254707098e+01
2.033007600887427557e+01
2.152341136402177568e+01
2.269397941399634533e+01
2.384113508830725081e+01
2.496408474945876321e+01
2.606233189396515115e+01
2.713567715235068434e+01
2.818429257265212584e+01
2.920797878539375247e+01
3.020690783861233442e+01
3.118095464633463010e+01
3.213021697309492453e+01
3.305464401642247196e+01
3.395381355633404752e+01
3.482745193985142862e+01
3.567506266348886612e+01
3.649637207426815166e+01
3.729080938520102961e+01
3.805817522681178389e+01
3.879797309561469376e+01
3.950992933863150824e+01
4.019369601938150538e+01
4.084899948488645549e+01
4.147541751516313013e+01
4.207275074073579191e+01
4.264057694162119816e+01
4.317869674834365412e+01
4.368713364193489213e+01
4.416598538692920783e+01
4.461549831486585305e+01
4.503562162327411045e+01
4.542660164369323184e+01
4.578846185715499928e+01
4.612137431169619362e+01
4.642536248834854717e+01
4.670037558464136396e+01
4.694658564861141059e+01
4.716394187778792713e+01
4.735246775320271695e+01
4.751226103939001888e+01
4.764327093387912981e+01
4.774557794611395423e+01
4.781919356517697395e+01
4.786396345805532349e+01
4.787995614224362129e+01
4.786709156823152966e+01
4.782528968650865409e+01
4.775454473106713493e+01
4.765499950290410425e+01
4.752672251951420179e+01
4.736985658189453829e+01
4.718454449104226711e+01
4.697092904795451318e+01
4.672915305362839433e+01
4.645928502555857875e+01
4.616154204824464813e+01
4.583614120618626941e+01
4.548315101687804685e+01
4.510293713182466036e+01
4.469556806852068576e+01
4.426126091146578290e+01
4.380023274515959741e+01
4.331292350460922336e+01
4.279962455781682706e+01
4.226077583978952390e+01
4.169674300203195827e+01
4.110804026305373071e+01
4.049495899085700046e+01
3.985793912044889709e+01
3.919734630333405079e+01
3.851347190751457816e+01
3.780668158449513783e+01
3.707726670227783927e+01
3.632566719586981918e+01
3.555210014977071609e+01
3.475700549898764535e+01
3.394074889502526560e+01
3.310384455639319867e+01
3.224665813459606056e+01
3.136970384814349089e+01
3.047342163204262278e+01
2.955817713779808997e+01
2.862448458391953565e+01
2.767285818891656390e+01
2.670388645480132794e+01
2.571800931658095379e+01
2.471581527626757691e+01
2.369789283587331852e+01
2.266475621390782180e+01
2.161684534537820923e+01
2.055489729930162213e+01
1.947925039579567397e+01
1.839043076343996574e+01
1.728871434891957648e+01
1.617459994942710466e+01
1.504843779515012336e+01
1.391065239977872992e+01
1.276166827700299500e+01
1.160213279102051942e+01
1.043261902252638151e+01
9.253625768713174438e+00
8.065651826773477140e+00
6.869344560904872665e+00
5.665277051802462438e+00
4.453799529653815092e+00
3.235410791651526008e+00
2.010609634988180794e+00
7.798948568563621730e-01
-4.563090290538420746e-01
-1.697503225549840122e+00
-2.943263218941559067e+00
-4.193015928533903036e+00
-5.446188273631788590e+00
-6.702355740545128171e+00
-7.960945248578834565e+00
-9.221309433535328282e+00
-1.048309806522701670e+01
-1.174558949595381385e+01
-1.300843349552814487e+01
-1.427102726985390824e+01
-1.553290173513951977e+01
-1.679355809419240941e+01
-1.805249012146972021e+01
-1.930919159142862540e+01
-2.056317930641207070e+01
-2.181399681082388398e+01
-2.306119953442831161e+01
-2.430435479234999008e+01
-2.554302321419833177e+01
-2.677676542958274908e+01
-2.800508264131065772e+01
-2.922763947589498201e+01
-3.044378856913812115e+01
-3.165303112384749085e+01
-3.285471977582551517e+01
-3.404843001138208791e+01
-3.523351446631965445e+01
-3.640947434344559497e+01
-3.757573656206484713e+01
-3.873157947447732852e+01
-3.987650428349042642e+01
-4.100987467903859596e+01
-4.213109856758438099e+01
-4.323959490972233510e+01
-4.433485694954953260e+01
-4.541637793116303357e+01
-4.648387394916738913e+01
-4.753720966517218471e+01
-4.857632402428948382e+01
-4.960093312112383046e+01
-5.061090161728480297e+01
-5.160601989087945896e+01
-5.258622688701987613e+01
-5.355123870031060562e+01
-5.450062285835119980e+01
-5.543416973924875890e+01
-5.635159543760781986e+01
-5.725261604803294802e+01
-5.813687338162622353e+01
-5.900408353299219755e+01
-5.985366546272543076e+01
-6.068511241492299035e+01
-6.149791763368195774e+01
-6.229142579609436581e+01
-6.306520442975981666e+01
-6.381859821177033609e+01
-6.455117466972552620e+01
-6.526316988274740538e+01
-6.595467136295307853e+01
-6.662591518946459246e+01
-6.727713744140400820e+01
-6.790864848139590038e+01
-6.852053582155733125e+01
-6.911303554101034763e+01
-6.968571516735453031e+01
-7.023806794468696069e+01
-7.076966140060716270e+01
-7.127998877921223198e+01
-7.176861760810172086e+01
-7.223511541487519594e+01
-7.267897544362971018e+01
-7.310028520648234007e+01
-7.349913221555016207e+01
-7.387538113244271187e+01
-7.422978802079957461e+01
-7.456177184121530388e+01
-7.487223722433446937e+01
-7.516060313075162469e+01
-7.542703135608634568e+01
-7.567094086093320016e+01
-7.589397911096173743e+01
-7.609555097494957465e+01
-7.627500495440642680e+01
-7.643241829405009469e+01
-7.656786823859833646e+01
-7.668217486779393255e+01
-7.677467259132966149e+01
-7.684469581889830181e+01
-7.689380746526759935e+01
-7.692059910510535303e+01
-7.692514798312933522e+01
-7.690901701410732016e+01
-7.687005493768207032e+01
-7.681056750364639640e+01
-7.672914628666801207e+01
-7.662586853146474652e+01
-7.650229715280435983e+01
-7.635702372535460825e+01
-7.619086832885828642e+01
-7.600390820803318093e+01
-7.579622060759702151e+01
-7.556788277226759476e+01
-7.531971478178772372e+01
-7.505105104585013009e+01
-7.476271164419762272e+01
-7.445477382154794554e+01
-7.412657198759389132e+01
-7.377966905710322010e+01
-7.341414227479374688e+01
-7.302932605035819336e+01
-7.262678329856436221e+01
-7.220510559408000972e+01
-7.176585585167295278e+01
-7.130911131606092113e+01
-7.083494923196171555e+01
-7.034418967911807385e+01
-6.983542423219783757e+01
-6.931095864099370374e+01
-6.877012731519852196e+01
-6.821300749952999354e+01
-6.764041927373094154e+01
-6.705318271754413217e+01
-6.645063224066232976e+01
-6.583433075785330857e+01
-6.520361267880987555e+01
-6.456004091829976232e+01
-6.390294988601575454e+01
-6.323315966170063973e+01
-6.255149032509718410e+01
-6.185801912092316002e+01
-6.115356612892134081e+01
-6.043744110795266522e+01
-5.971108371862563757e+01
-5.897368046564187694e+01
-5.822649779177311302e+01
-5.746961360375092909e+01
-5.670325437531202084e+01
-5.592779514719804013e+01
-5.514361096015065300e+01
-5.435100257140900482e+01
-5.355034502171474031e+01
-5.274201335180953976e+01
-5.192623403543005622e+01
-5.110360496382543261e+01
-5.027427832722983680e+01
-4.943870344988742005e+01
-4.859732965604235488e+01
-4.775038341943127307e+01
-4.689823978079586908e+01
-4.604142234788275090e+01
-4.518008331092612195e+01
-4.431474627767260444e+01
-4.344571200536137923e+01
-4.257335553473407685e+01
-4.169805190653239180e+01
-4.082017616149796169e+01
-3.994025190737741582e+01
-3.905865418491246288e+01
-3.817590660184973217e+01
-3.729230991542837614e+01
-3.640838773339506673e+01
-3.552458937999395516e+01
-3.464121561246418679e+01
-3.375871575504993416e+01
-3.287746484849285622e+01
-3.199783793353460126e+01
-3.112013576741432175e+01
-3.024488195787868960e+01
-2.937237726216684308e+01
-2.850299672102045889e+01
-2.763718965868368116e+01
-2.677540539940067532e+01
-2.591801898391308967e+01
-2.506540545296259026e+01
-2.421801413079332477e+01
-2.337622005814695569e+01
-2.254047255926763782e+01
-2.171107239139453426e+01
-2.088839459526929332e+01
-2.007288849513608042e+01
-1.926485484823404803e+01
-1.846465743051976816e+01
-1.767268924231196792e+01
-1.688918345213929584e+01
-1.611444751203288561e+01
-1.534878887402389047e+01
-1.459258927364595060e+01
-1.384600759592520269e+01
-1.310949985989780053e+01
-1.238329923409237665e+01
-1.166763888703757956e+01
-1.096282627076455540e+01
-1.026902027029944087e+01
-9.586528337673382083e+00
-8.915657924917521626e+00
-8.256567917058003303e+00
-7.609565766125968800e+00
-6.974810357147561923e+00
-6.352609142153927024e+00
-5.743121006171207021e+00
-5.146579117728043329e+00
-4.563290928855578521e+00
-3.993341041077457465e+00
-3.437036906424822291e+00
-2.894574551675068719e+00
-2.366075720103085089e+00
-1.851736438486267566e+00
-1.351708163500509485e+00
-8.661794935729528744e-01
-3.953093137297415960e-01
6.072863430248340300e-02
5.017903221980754003e-01
9.277540066821439169e-01
1.338467488243770598e+00
1.733804566597911156e+00
2.113624184759023805e+00
2.477792714091815451e+00
2.826187668486366267e+00
3.158739303119535879e+00
3.475370444817929449e+00
3.776026205458903995e+00
4.060644268569565618e+00
4.329154889326773059e+00
4.581510607958132475e+00
4.817641679640501273e+00
5.037530358002483943e+00
5.241166325022941663e+00
5.428531834330477146e+00
5.599631424604449847e+00
5.754365637620715290e+00
5.892872722363130755e+00
6.014982547246501277e+00
6.120851411961920618e+00
6.210327235631424969e+00
6.283480787884559327e+00
6.340234271345861039e+00
6.380658455644872440e+00
6.404749826908629373e+00
6.412430587761678957e+00
6.403845791336056692e+00
6.378917640256305255e+00
6.337865471156962194e+00
6.280685770165070458e+00
6.207375023407667669e+00
6.118004000514296159e+00
6.012717754616996757e+00
5.891512771842807972e+00
5.754534105323770632e+00
5.601852524689426183e+00
5.433464516066812244e+00
5.249663699592971966e+00
5.050297994389945089e+00
4.835661020594768544e+00
4.605897831339487603e+00
4.361079196253638379e+00
4.101573018976764295e+00
3.827450069138404576e+00
3.538855399870597829e+00
3.236156914812884366e+00
2.919425383594810075e+00
2.588880142850908062e+00
2.244666245713223152e+00
1.887151595821292549e+00
1.516332679302156095e+00
1.132577399795359652e+00
7.359565269304390034e-01
3.267636808444336349e-01
-9.478180182811475618e-02
-5.283863009501635899e-01
-9.738304798871756374e-01
-1.430820718502111344e+00
-1.899063396657926672e+00
-2.378264894217585024e+00
-2.868205874546544187e+00
-3.368667001010266393e+00
-3.879220943167206226e+00
-4.399626079332075612e+00
-4.929581361017586261e+00
-5.468793168086697243e+00
-6.016967880402368962e+00
-6.573782164426559937e+00
-7.138904031417968810e+00
-7.712056012025263918e+00
-8.292981695094852057e+00
-8.881439526173638299e+00
-9.477158237407529384e+00
-1.007989627434343127e+01
-1.068940242567292209e+01
-1.130542013167540638e+01
-1.192769788390845953e+01
-1.255598031118751834e+01
-1.319002080778131791e+01
-1.382956444820631781e+01
-1.447436224965917440e+01
-1.512414294428578820e+01
-1.577863526423207219e+01
-1.643753079989268429e+01
-1.710055085506327543e+01
-1.776739444848875138e+01
-1.843776059891401786e+01
-1.911139289518548878e+01
-1.978791607254556695e+01
-2.046716286004365415e+01
-2.114866885271916175e+01
-2.183226677962149509e+01
-2.251756651929256137e+01
-2.320432651727926654e+01
-2.389223093562601363e+01
-2.458088965287471339e+01
-2.527013539807476761e+01
-2.595957804976808703e+01
-2.664897605350157406e+01
-2.733793928781713944e+01
-2.802622619826168560e+01
-2.871344666337712326e+01
-2.939935912871035839e+01
-3.008364775630579047e+01
-3.076599670820783672e+01
-3.144601586295839013e+01
-3.212338938260186438e+01
-3.279787571268516899e+01
-3.346908473175020049e+01
-3.413677488534388260e+01
-3.480048176850560537e+01
-3.546011239378728419e+01
-3.611520235622830910e+01
-3.676551010137561093e+01
-3.741071979127357849e+01
-3.805051558796663613e+01
-3.868465593700167204e+01
-3.931275071692059697e+01
-3.993464298435685578e+01
-4.054991997227002543e+01
-4.115855065871623708e+01
-4.176013260423911788e+01
-4.235456050339227119e+01
-4.294150620022183062e+01
-4.352079010577892149e+01
-4.409223263111465485e+01
-4.465557990377765663e+01
-4.521050376781404623e+01
-4.575697320127994772e+01
-4.629466004822147340e+01
-4.682331043618725630e+01
-4.734289334323342047e+01
-4.785300632990356462e+01
-4.835361837425383413e+01
-4.884454988733534009e+01
-4.932554699669670839e+01
-4.979643011338905723e+01
-5.025709393196600416e+01
-5.070728457997618221e+01
-5.114689675197319474e+01
-5.157575085900818124e+01
-5.199366731213224568e+01
-5.240046652239652758e+01
-5.279604318435463028e+01
-5.318029199256019268e+01
-5.355295907456181936e+01
-5.391393912491314921e+01
-5.426320112167028498e+01
-5.460056547588436615e+01
-5.492592688210900320e+01
-5.523918003489780659e+01
-5.554014534530192293e+01
-5.582871750787495557e+01
-5.610493978417552796e+01
-5.636863258525475828e+01
-5.661976488916880612e+01
-5.685815710696873992e+01
-5.708385250021319024e+01
-5.729674576345580306e+01
-5.749665730774767525e+01
-5.768370467814995095e+01
-5.785770828571374125e+01
-5.801863710849516309e+01
-5.816646012455033343e+01
-5.830114631193539054e+01
-5.842259036520394488e+01
-5.853076126241211341e+01
-5.862585083212352544e+01
-5.870781930814629845e+01
-5.877659194729658054e+01
-5.883223382914746225e+01
-5.887473574976959156e+01
-5.890401422173108870e+01
-5.892013432460510813e+01
-5.892308685446224814e+01
-5.891278832387065023e+01
-5.888937809590594696e+01
-5.885269839963374494e+01
-5.880281431462719866e+01
-5.873979092045942707e+01
-5.866354472969853617e+01
-5.857421510542018694e+01
-5.847186712719750545e+01
-5.835649159110108997e+01
-5.822815357670410208e+01
-5.808691816357964655e+01
-5.793285043130086365e+01
-5.776608974294337173e+01
-5.758670117808031819e+01
-5.739474981628480066e+01
-5.719037502063248013e+01
-5.697371615419897495e+01
-5.674483829655739697e+01
-5.650380652728087227e+01
-5.625083449294757543e+01
-5.598598727313058987e+01
-5.570940423090553395e+01
-5.542107616234308409e+01
-5.512129099752382899e+01
-5.481003953251841665e+01
-5.448746113040245831e+01
-5.415376943775410012e+01
-5.380917810115145272e+01
-5.345397505067516875e+01
-5.308822536589834584e+01
-5.271229126040414315e+01
-5.232631209726815769e+01
-5.193050152306854272e+01
-5.152514746788590827e+01
-5.111031501129339460e+01
-5.068629208337163305e+01
-5.025321804719624197e+01
-4.981138083284785267e+01
-4.936084551989959124e+01
-4.890197432193460259e+01
-4.843483231852598436e+01
-4.795985600675937377e+01
-4.747725903321292407e+01
-4.698731152785625653e+01
-4.649006385321011692e+01
-4.598584570569428820e+01
-4.547476393122099125e+01
-4.495692537570251091e+01
-4.443251116855359584e+01
-4.390177672269151543e+01
-4.336475460052603381e+01
-4.282170021497439194e+01
-4.227279469545135271e+01
-4.171814488786920805e+01
-4.115808048864768409e+01
-4.059263406019653075e+01
-4.002228386594054399e+01
-3.944706246828947371e+01
-3.886729956366306027e+01
-3.828317628147608787e+01
-3.769502231814830395e+01
-3.710287023608946555e+01
-3.650712401522183370e+01
-3.590796478496017841e+01
-3.530549939121674896e+01
-3.470005753041131413e+01
-3.409174604845613032e+01
-3.348089464177095209e+01
-3.286775872327303460e+01
-3.225244513887466269e+01
-3.163520930149307020e+01
-3.101645519105052884e+01
-3.039621536995680273e+01
-2.977489381813413871e+01
-2.915259738149480739e+01
-2.852965575645856688e+01
-2.790625007244017297e+01
-2.728271002585939087e+01
-2.665921674613097636e+01
-2.603609992967469111e+01
-2.541346642240278442e+01
-2.479172020423754574e+01
-2.417096812109120663e+01
-2.355153986938353938e+01
-2.293361657852928914e+01
-2.231745366144573595e+01
-2.170338081455263080e+01
-2.109150488376224075e+01
-2.048208128199180678e+01
-1.987551398916361478e+01
-1.927183556768740402e+01
-1.867152428098794559e+01
-1.807468697497748522e+01
-1.748164371629793479e+01
-1.689260176897724008e+01
-1.630775876726545448e+01
-1.572731234541267398e+01
-1.515138585416647032e+01
-1.458010264427441882e+01
-1.401373463348910420e+01
-1.345240517255809110e+01
-1.289623761222896547e+01
-1.234550387025430496e+01
-1.180025301387918191e+01
-1.126075696085617395e+01
-1.072713906193286348e+01
-1.019952266785682227e+01
-9.678031129375630925e+00
-9.163010647744366466e+00
-8.654436006705603646e+00
-8.152579124011918310e+00
-7.657563350410889313e+00
-7.169437753147599679e+00
-6.688474249974619035e+00
-6.214721908137025075e+00
-5.748378361884899590e+00
-5.289566961965813441e+00
-4.838485342629849306e+00
-4.395108287619582832e+00
-3.959707714687588975e+00
-3.532332691078947207e+00
-3.113091710840734994e+00
-2.702145266471775997e+00
-2.299594423668901655e+00
-1.905547676479186769e+00
-1.520083805548709588e+00
-1.143311304924546024e+00
-7.753238119532739336e-01
-4.162001072809701219e-01
-6.605611330496252709e-02
2.750368176789222963e-01
6.069924766743569622e-01
9.297447112306895800e-01
1.243225883227218054e+00
1.547366868873189860e+00
1.842089630357553354e+00
2.127333215074830530e+00
2.403033699079445196e+00
2.669142015126319656e+00
2.925646237721626797e+00
3.172504727970539840e+00
3.409690703678731172e+00
3.637169954301624042e+00
3.854902078801586640e+00
4.062844199219517449e+00
4.260932390402762060e+00
4.449147297300165782e+00
4.627439851459572928e+00
4.795768412779077394e+00
4.954091341156775741e+00
5.102352139790260921e+00
5.240620593831380347e+00
5.368736209574225704e+00
5.486835627322895093e+00
5.594906920376478965e+00
5.693012445536576926e+00
5.781065992599779158e+00
5.859204201870184647e+00
5.927340863144386240e+00
5.985538333223977325e+00
6.033858968910554843e+00
6.072365127005713958e+00
6.100970597306047516e+00
6.119812020115651841e+00
6.128951752236120321e+00
6.128303583464050242e+00
6.118004154103533487e+00
6.098115820956166111e+00
6.068700940823544165e+00
6.029896154009758646e+00
5.981689533813908000e+00
5.924292004042587934e+00
5.857617354492389516e+00
5.781802225467409073e+00
5.696983257271742929e+00
5.603222806706985359e+00
5.500657514077228250e+00
5.389349736184069428e+00
5.269361829829101396e+00
5.140830435316422253e+00
5.003892192950125661e+00
4.858683743034301727e+00
4.705416009375554154e+00
4.544077065272968952e+00
4.374952118035646542e+00
4.198103524465180314e+00
4.013742208368164199e+00
3.822004810048692747e+00
3.623027969810863613e+00
3.416948327958766907e+00
3.203976808299002332e+00
2.984250051135662662e+00
2.757904696772840225e+00
2.525137164285869318e+00
2.286011570322524111e+00
2.040726093804315688e+00
1.789256063145254094e+00
1.531799657266854853e+00
1.268406488085627393e+00
9.992747345230814648e-01
7.244540084957296067e-01
4.441424889250843999e-01
1.583155042251544742e-01
-1.326801996775442694e-01
-4.288692943690032844e-01
-7.300536009277143190e-01
-1.036109223934659651e+00
-1.346837984468330918e+00
-1.662190270612218912e+00
-1.981967903444809220e+00
-2.306121271049588195e+00
-2.634377911002549144e+00
-2.966613927884679480e+00
-3.302749996378465891e+00
-3.642610222613147819e+00
-3.986018712717964707e+00
-4.332784716121654611e+00
-4.682739767303706557e+00
-5.035685687342606798e+00
-5.391461439068096162e+00
-5.749861415208414428e+00
-6.110724578593295320e+00
-6.473875035351985829e+00
-6.839144319963965657e+00
-7.206363966908726937e+00
-7.575372939016010498e+00
-7.945995342415052676e+00
-8.318062711585339386e+00
-8.691421437706862818e+00
-9.065873341858111445e+00
-9.441238815993196809e+00
-9.817340480571310479e+00
-1.019399204203133813e+01
-1.057101314949237114e+01
-1.094821082387806754e+01
-1.132541659966792302e+01
-1.170243229794042428e+01
-1.207907459647455362e+01
-1.245515274469905798e+01
-1.283048342039292322e+01
-1.320487587298488563e+01
-1.357813935190368682e+01
-1.395009053492831086e+01
-1.432056240154414972e+01
-1.468942342466116102e+01
-1.505654352219521996e+01
-1.542180004041243535e+01
-1.578510003897992320e+01
-1.614627629406229303e+01
-1.650516158182416504e+01
-1.686175953048590159e+01
-1.721577663425786753e+01
-1.756721652136042877e+01
-1.791578568600393950e+01
-1.826148775640877631e+01
-1.860410351028779985e+01
-1.894348800885637374e+01
-1.927957059683235741e+01
-1.961228061893362096e+01
-1.994139885287302860e+01
-2.026685464336843978e+01
-2.058857733513772459e+01
-2.090634770589374725e+01
-2.122024366735936596e+01
-2.152997171374494911e+01
-2.183553547327086264e+01
-2.213671572364996720e+01
-2.243351609310262873e+01
-2.272579164284421083e+01
-2.301339743409007710e+01
-2.329618852805559470e+01
-2.357424283646362184e+01
-2.384726685352453757e+01
-2.411533849096118587e+01
-2.437823852648644163e+01
-2.463597058832067077e+01
-2.488838973767923335e+01
-2.513549960278249884e+01
-2.537708096134332436e+01
-2.561321172508458233e+01
-2.584367267171912630e+01
-2.606846742946732931e+01
-2.628759962654955373e+01
-2.650085004067866379e+01
-2.670822230007501830e+01
-2.690972003295899029e+01
-2.710519830054593982e+01
-2.729458644755372987e+01
-2.747796238570522931e+01
-2.765518117621579108e+01
-2.782617216380329594e+01
-2.799093897668809561e+01
-2.814941095958806017e+01
-2.830158800199215108e+01
-2.844745503846369772e+01
-2.858691898133213272e+01
-2.871988674292688515e+01
-2.884641380258238996e+01
-2.896648135613058272e+01
-2.907992203239838602e+01
-2.918679131072023480e+01
-2.928707038692805753e+01
-2.938074045685378621e+01
-2.946778271632935642e+01
-2.954810407768419012e+01
-2.962183430375522875e+01
-2.968888030687189428e+01
-2.974914899936361934e+01
-2.980277014406734182e+01
-2.984972493681498662e+01
-2.988992028993598282e+01
-2.992341168276476537e+01
-2.995018031113326984e+01
-2.997028165437591696e+01
-2.998369690832464585e+01
-2.999055583581637663e+01
-2.999076534918055614e+01
-2.998445521125410806e+01
-2.997168090137146024e+01
-2.995242361536454112e+01
-2.992673883256779632e+01
-2.989468203231563592e+01
-2.985623441044001325e+01
-2.981152572977784132e+01
-2.976061146966355864e+01
-2.970339854242660138e+01
-2.964009099440638906e+01
-2.957067002143485368e+01
-2.949519110284644086e+01
-2.941385828498056654e+01
-2.932665276366916984e+01
-2.923363001824667506e+01
-2.913491981155001653e+01
-2.903057762291362920e+01
-2.892065893167194091e+01
-2.880536778416438182e+01
-2.868461109272038811e+01
-2.855859290367937575e+01
-2.842736869637579389e+01
-2.829106823364656265e+01
-2.814967271132361049e+01
-2.800346045924888116e+01
-2.785241267325429959e+01
-2.769672228173989126e+01
-2.753638917434307842e+01
-2.737162497326938393e+01
-2.720241845021682536e+01
-2.702883266038591614e+01
-2.685100494247969038e+01
-2.666884978469365208e+01
-2.648257880923333474e+01
-2.629218078779674528e+01
-2.609771877558440778e+01
-2.589933011129934570e+01
-2.569707785014206891e+01
-2.549102504731310503e+01
-2.528116047451047521e+01
-2.506777003744218746e+01
-2.485084250780627002e+01
-2.463044094080324342e+01
-2.440677695863861985e+01
-2.417976504950792460e+01
-2.394969111911917992e+01
-2.371654393917039982e+01
-2.348046084836459357e+01
-2.324165346890730177e+01
-2.300003628899403552e+01
-2.275589521433280638e+01
-2.250921901662164260e+01
-2.226014503456355698e+01
-2.200881060686157298e+01
-2.175535307221871406e+01
-2.149976120233298715e+01
-2.124224661940992931e+01
-2.098287237865003974e+01
-2.072177581875635255e+01
-2.045901999492938472e+01
-2.019481652937465554e+01
-1.992930276079517782e+01
-1.966254174439147562e+01
-1.939481938587157117e+01
-1.912612445693348562e+01
-1.885666857978272404e+01
-1.858651480961982116e+01
-1.831594905215279212e+01
-1.804488579557715155e+01
-1.777353666209842231e+01
-1.750203899041962430e+01
-1.723053011924377387e+01
-1.695899882026889571e+01
-1.668780528270550789e+01
-1.641686399474912506e+01
-1.614646086210777298e+01
-1.587665130929306123e+01
-1.560760880506600756e+01
-1.533935062049371467e+01
-1.507196831014578997e+01
-1.480562771209434203e+01
-1.454027181390398127e+01
-1.427614073714930853e+01
-1.401325175289743186e+01
-1.375169641571796397e+01
-1.349149199667800758e+01
-1.323280433384967303e+01
-1.297565069830006479e+01
-1.272027121160379437e+01
-1.246660886132546331e+01
-1.221475520203468434e+01
-1.196495035530606010e+01
-1.171713730870420456e+01
-1.147148190030121739e+01
-1.122800140116421552e+01
-1.098686164936529686e+01
-1.074815419947406880e+01
-1.051182203905514534e+01
-1.027803100618062970e+01
-1.004687265542013108e+01
-9.818364257840753950e+00
-9.592671651514610431e+00
-9.369737824006303839e+00
-9.149728613387940968e+00
-8.932661290726635173e+00
-8.718701694094486143e+00
-8.507792811056106075e+00
-8.300174763186099369e+00
-8.095716254546577062e+00
-7.894583123209645059e+00
-7.696866923744907218e+00
-7.502510643716976624e+00
-7.311754404700455012e+00
-7.124466910757454308e+00
-6.940888283462579800e+00
-6.760887226877938971e+00
-6.584629579075639505e+00
-6.412132611122788539e+00
-6.243487877588992596e+00
-6.078712649541360591e+00
-5.917824198046998774e+00
-5.760839794173016060e+00
-5.607925275991518355e+00
-5.459097914569611909e+00
-5.314226413969405982e+00
-5.173550895765509416e+00
-5.037008874467368003e+00
-4.904657111018551063e+00
-4.776554321657720870e+00
-4.652729509222536031e+00
-4.533204248200408237e+00
-4.418014969779245682e+00
-4.307183248446461832e+00
-4.200738087039715296e+00
-4.098715916746916044e+00
-4.001138312055475765e+00
-3.908019419102552572e+00
-3.819365955675061208e+00
-3.735199496260406260e+00
-3.655534186995753831e+00
-3.580376745668010230e+00
-3.509733890064087536e+00
-3.443627194671396552e+00
-3.382048520576346640e+00
-3.324997157215598964e+00
-3.272472394025813358e+00
-3.224473520443650543e+00
-3.180992397555520768e+00
-3.142035743148334781e+00
-3.107595418308502389e+00
-3.077640999071684202e+00
-3.052164346524291361e+00
-3.031127608351733560e+00
-3.014507788939920552e+00
-3.002289321025013447e+00
-2.994449208992923328e+00
-2.990949600529059449e+00
-2.991760071669082865e+00
-2.996850198448653746e+00
-3.006174700202932204e+00
-3.019703152967579296e+00
-3.037390276077755136e+00
-3.059205645569120335e+00
-3.085103980776834565e+00
-3.115040001036058825e+00
-3.148953568981453177e+00
-3.186791975597929039e+00
-3.228495083520145137e+00
-3.274010183733012891e+00
-3.323284567221442831e+00
-3.376250668269845434e+00
-3.432855777863129898e+00
-3.493032330285707143e+00
-3.556705331471738063e+00
-3.623814644055884049e+00
-3.694285273972303774e+00
-3.768072730400908732e+00
-3.845135681900613278e+00
-3.925441015225333619e+00
-4.008948188778735044e+00
-4.095601804263981904e+00
-4.185376176785239544e+00
-4.278223336395925003e+00
-4.374095313149450881e+00
-4.472951565449484690e+00
-4.574744123349440805e+00
-4.679417588552484020e+00
-4.786916562761781790e+00
-4.897200504380997188e+00
-5.010214015113295893e+00
-5.125901696661842699e+00
-5.244208150729805951e+00
-5.365077979020346888e+00
-5.488433498185883330e+00
-5.614219309929579182e+00
-5.742365159254101847e+00
-5.872800791162115175e+00
-6.005463379006535263e+00
-6.140282667790025961e+00
-6.277188402515252896e+00
-6.416095471484382529e+00
-6.556933619700078708e+00
-6.699625163814758366e+00
-6.844092420480835770e+00
-6.990257706350724298e+00
-7.138043338076846211e+00
-7.287371632311607783e+00
-7.438157477357179914e+00
-7.590315761515727289e+00
-7.743776229789912868e+00
-7.898461198832154473e+00
-8.054270700244115844e+00
-8.211141907378713967e+00
-8.368967423487362112e+00
-8.527654708521978932e+00
-8.687111222434474200e+00
-8.847244425176768345e+00
-9.007946920000273749e+00
-9.169133595207156873e+00
-9.330711910749332816e+00
-9.492574469878215737e+00
-9.654636160895973873e+00
-9.816811872104770131e+00
-9.979009063456521389e+00
-1.014113519490314097e+01
-1.030309029804629439e+01
-1.046479552905408461e+01
-1.062618225885786138e+01
-1.078716584120415511e+01
-1.094778791179375688e+01
-1.110783011406869569e+01
-1.126733408372975909e+01
-1.142626717297523165e+01
-1.158444816699839741e+01
-1.174191870150004213e+01
-1.189864612867845040e+01
-1.205444923372690980e+01
-1.220929536884369782e+01
-1.236322616972960553e+01
-1.251606042157791521e+01
-1.266783976008941437e+01
-1.281845725395988644e+01
-1.296780597188511308e+01
-1.311592754956588536e+01
-1.326264077219548376e+01
-1.340798727547469227e+01
-1.355186012809929785e+01
-1.369422668226758510e+01
-1.383498000667533923e+01
-1.397408745352084480e+01
-1.411151637500238643e+01
-1.424723412331824690e+01
-1.438105948366171738e+01
-1.451310837523607411e+01
-1.464319958323460824e+01
-1.477130045985560436e+01
-1.489737835729734172e+01
-1.502140062775811202e+01
-1.514333462343619452e+01
-1.526307341302737797e+01
-1.538058434872994695e+01
-1.549583478274218606e+01
-1.560871778375987518e+01
-1.571927498748380536e+01
-1.582739946260975827e+01
-1.593313284483852144e+01
-1.603636820286588005e+01
-1.613699860538761399e+01
-1.623513997160700839e+01
-1.633061108671735795e+01
-1.642345358641943420e+01
-1.651356053940903124e+01
-1.660097358138692769e+01
-1.668558578104891410e+01
-1.676736449059327327e+01
-1.684635134572078741e+01
-1.692243858412500757e+01
-1.699558940299304055e+01
-1.706584045201224953e+01
-1.713315409736749828e+01
-1.719741842174115831e+01
-1.725874435832310283e+01
-1.731709427329819562e+01
-1.737228196584630524e+01
-1.742449265265979363e+01
-1.747354013291853292e+01
-1.751953533981239275e+01
-1.756236635602373752e+01
-1.760206983123993041e+01
-1.763860813164585295e+01
-1.767194362342635827e+01
-1.770211295626882020e+01
-1.772907849635810962e+01
-1.775287689338158970e+01
-1.777347051352412777e+01
-1.779089600647309055e+01
-1.780504145491084955e+01
-1.781609207552977026e+01
-1.782386166750972123e+01
-1.782838688053807275e+01
-1.782977864780468380e+01
-1.782792505199192590e+01
-1.782286274278717642e+01
-1.781462836987778786e+01
-1.780318429944863823e+01
-1.778856718118709068e+01
-1.777081366478051194e+01
-1.774996039991627583e+01
-1.772604403628174552e+01
-1.769902694006178479e+01
-1.766894576094376390e+01
-1.763583714861505669e+01
-1.759973775276302632e+01
-1.756068422307503951e+01
-1.751863892573596004e+01
-1.747371279393566468e+01
-1.742586819385901720e+01
-1.737514177519337721e+01
-1.732164447112862504e+01
-1.726526436434712153e+01
-1.720618667154123571e+01
-1.714437375889583848e+01
-1.707986227609829299e+01
-1.701276315633846181e+01
-1.694303876580122648e+01
-1.687080003767644243e+01
-1.679600335595571892e+01
-1.671880402636510965e+01
-1.663912852192991210e+01
-1.655697759917790890e+01
-1.647242629813939629e+01
-1.638547537534216758e+01
-1.629619987081651189e+01
-1.620452625758771958e+01
-1.611052957568608335e+01
-1.601421058163939648e+01
-1.591557003197545050e+01
-1.581468296672453988e+01
-1.571155014241444547e+01
-1.560624659907547418e+01
-1.549877309323540331e+01
-1.538920466492453620e+01
-1.527761635417315489e+01
-1.516400891750906155e+01
-1.504845739496253643e+01
-1.493103682656388109e+01
-1.481167368533837880e+01
-1.469051729481882873e+01
-1.456764269503552001e+01
-1.444297635901373766e+01
-1.431659332678378505e+01
-1.418864292187844711e+01
-1.405905161732301600e+01
-1.392789445314778263e+01
-1.379524646938304322e+01
-1.366118270605908158e+01
-1.352570391970369812e+01
-1.338895943384967779e+01
-1.325095000502481568e+01
-1.311175067325940269e+01
-1.297136219508123212e+01
-1.282993389402309425e+01
-1.268739224311027591e+01
-1.254396084937807743e+01
-1.239956618585178738e+01
-1.225435757606419429e+01
-1.210833577654309678e+01
-1.196157582731877689e+01
-1.181415276842153261e+01
-1.166614163988165487e+01
-1.151761748172943634e+01
-1.136858105049266499e+01
-1.121925595320663938e+01
-1.106964294639914215e+01
-1.091981707010046776e+01
-1.076977908083841484e+01
-1.061967320099812007e+01
-1.046947468136915305e+01
-1.031922795509592738e+01
-1.016905173882535607e+01
-1.001884189869686459e+01
-9.868791434859859990e+00
-9.718796213453764210e+00
-9.569049234627996725e+00
-9.419520648024468201e+00
-9.270180603285096410e+00
-9.121222100559302604e+00
-8.972541005986498064e+00
-8.824330319716104043e+00
-8.676560191390034760e+00
-8.529200770650207986e+00
-8.382445057646036091e+00
-8.236188918516941015e+00
-8.090625353412336906e+00
-7.945650228471644816e+00
-7.801382260341775066e+00
-7.657865882167148364e+00
-7.515145527092180089e+00
-7.373265628261287397e+00
-7.232196335316386282e+00
-7.092056364904393284e+00
-6.952815866667225286e+00
-6.814593557251801492e+00
-6.677433869802535504e+00
-6.541306953961345094e+00
-6.406331526375147689e+00
-6.272477736685858396e+00
-6.139864301540393754e+00
-6.008535654083172695e+00
-5.878461943956111213e+00
-5.749761887806124960e+00
-5.622405635275129931e+00
-5.496437619507545946e+00
-5.371902273647787496e+00
-5.248844030840269070e+00
-5.127307324229412266e+00
-5.007262303457130415e+00
-4.888827685170342718e+00
-4.772047902513461892e+00
-4.656818821625908100e+00
-4.543333442657097265e+00
-4.431561915248946271e+00
-4.321504102444371220e+00
-4.213234150788787602e+00
-4.106766780025615127e+00
-4.002124138248517760e+00
-3.899335810322802853e+00
-3.798431414799330330e+00
-3.699433150300100781e+00
-3.602378072147613075e+00
-3.507280950613619108e+00
-3.414156555969867668e+00
-3.323041943538858067e+00
-3.233951883592340870e+00
-3.146916003102566251e+00
-3.061941643991033413e+00
-2.979058433229992975e+00
-2.898288569441444640e+00
-2.819624537846387557e+00
-2.743103393767322817e+00
-2.668717622425250457e+00
-2.596489422442169293e+00
-2.526426135739580303e+00
-2.458549960939481860e+00
-2.392860811613125804e+00
-2.329358601331759981e+00
-2.268058100367136287e+00
-2.208959222290503899e+00
-2.152069309023362464e+00
-2.097395702487212965e+00
-2.044938316253303690e+00
-1.994697063892885369e+00
-1.946679287327458097e+00
-1.900877471778021466e+00
-1.857284102465575293e+00
-1.815913949661869919e+00
-1.776759498587904940e+00
-1.739820662814930641e+00
-1.705075070863447229e+00
-1.672522636304703214e+00
-1.642155844359699968e+00
-1.613952323548936585e+00
-1.587904559093413548e+00
-1.563997607863880424e+00
-1.542223955081337028e+00
-1.522568657616533594e+00
-1.505009343989969883e+00
-1.489523642722145880e+00
-1.476104039034061621e+00
-1.464722961601041762e+00
-1.455369181468961326e+00
-1.448021069993345344e+00
-1.442654770024643263e+00
-1.439243453073205670e+00
-1.437761033484407092e+00
-1.438182168438647990e+00
-1.440484963859018253e+00
-1.444663549144446613e+00
-1.450715502436551896e+00
-1.458632459196753883e+00
-1.468403157829873518e+00
-1.480016485307737550e+00
-1.493461848586690621e+00
-1.508728283205563070e+00
-1.525805196120700424e+00
-1.544680062917380692e+00
-1.565338353526316340e+00
-1.587761303718575601e+00
-1.611933863440353054e+00
-1.637838011297742868e+00
-1.665457211566888862e+00
-1.694774928523935742e+00
-1.725770912269901869e+00
-1.758418227390581290e+00
-1.792685481461619101e+00
-1.828542767728708718e+00
-1.865960179437543554e+00
-1.904905581328743880e+00
-1.945350552318053872e+00
-1.987262957146091136e+00
-2.030613631893576354e+00
-2.075371184136152625e+00
-2.121505707119514472e+00
-2.168986551254331374e+00
-2.217783809786296079e+00
-2.267866090291054348e+00
-2.319202223194757106e+00
-2.371753684856808153e+00
-2.425480837384073940e+00
-2.480343820032914870e+00
-2.536303292044205460e+00
-2.593318352705271668e+00
-2.651350404092013946e+00
-2.710359882594802095e+00
-2.770304996098930328e+00
-2.831144695324716576e+00
-2.892840159497556574e+00
-2.955348110832692665e+00
-3.018628985720495095e+00
-3.082642477716307727e+00
-3.147345309035375571e+00
-3.212689002047765641e+00
-3.278626564793598597e+00
-3.345099862787618061e+00
-3.412070818090243929e+00
-3.479482781886268583e+00
-3.547298007476300530e+00
-3.615472644771450916e+00
-3.683996602499143957e+00
-3.752837504336052898e+00
-3.821970402309102788e+00
-3.891385205145716952e+00
-3.961049536522570413e+00
-4.030938448466587332e+00
-4.101026993004691867e+00
-4.171290222163808181e+00
-4.241695759620610851e+00
-4.312218657402021371e+00
-4.382819110834468290e+00
-4.453479600295123575e+00
-4.524167749460660914e+00
-4.594843753657506191e+00
-4.665490093262831373e+00
-4.736066963603062341e+00
-4.806549416705122368e+00
-4.876912504595936504e+00
-4.947123850952178437e+00
-5.017143651100272272e+00
-5.086954385417393532e+00
-5.156516249229963655e+00
-5.225811722915159052e+00
-5.294801001799402940e+00
-5.363459137909621255e+00
-5.431761183272735494e+00
-5.499667333215172427e+00
-5.567152639763853550e+00
-5.634184726595456993e+00
-5.700738645736902477e+00
-5.766782020864867242e+00
-5.832282475656024090e+00
-5.897207633787046710e+00
-5.961525118934611456e+00
-6.025217411475892071e+00
-6.088244706737309997e+00
-6.150582056745792947e+00
-6.212211941878512000e+00
-6.273094557461894816e+00
-6.333212383873112472e+00
-6.392525616438591740e+00
-6.451024163885755058e+00
-6.508668221541026533e+00
-6.565447698131831267e+00
-6.621322788984592478e+00
-6.676268546126236103e+00
-6.730274878284185469e+00
-6.783301980784862906e+00
-6.835332875214094273e+00
-6.886345319642036777e+00
-6.936317613347505961e+00
-6.985242912309809427e+00
-7.033092087457508690e+00
-7.079858294769912241e+00
-7.125512405175583375e+00
-7.170047574653828804e+00
-7.213442102483460516e+00
-7.255681716293540084e+00
-7.296752143713124639e+00
-7.336646540721527998e+00
-7.375343206597557710e+00
-7.412827868970275347e+00
-7.449086255468740703e+00
-7.484148663823515513e+00
-7.517911681460660134e+00
-7.550435319511731969e+00
-7.581668163854543785e+00
-7.611707367371903565e+00
-7.640427232439125582e+00
-7.667850628436515770e+00
-7.694000424744387168e+00
-7.718825207240548991e+00
-7.742347845305311616e+00
-7.764591208318987192e+00
-7.785503882159384048e+00
-7.805108736206810782e+00
-7.823428639841581322e+00
-7.840412178941503107e+00
-7.856007939384388905e+00
-7.870313074053046698e+00
-7.883350452327789526e+00
-7.894994376583925444e+00
-7.905341999704265987e+00
-7.914341907566619483e+00
-7.922091253053797466e+00
-7.928464338541112433e+00
-7.933558316911368813e+00
-7.937321774042384703e+00
-7.939851862816962758e+00
-7.941097169112921073e+00
-7.941006278808061758e+00
-7.939750628287701062e+00
-7.937130236424647656e+00
-7.933316539604210682e+00
-7.928258123704201132e+00
-7.922052141607429654e+00
-7.914572895689205190e+00
-7.905843255329840780e+00
-7.896031836792763769e+00
-7.884924558341380951e+00
-7.872750219132218064e+00
-7.859291917306800102e+00
-7.844704168519153420e+00
-7.828918637915803558e+00
-7.811941274145775438e+00
-7.793778025858093983e+00
-7.774434841701785004e+00
-7.753991953828376360e+00
-7.732381027384391814e+00
-7.709533727516355128e+00
-7.685604569878294434e+00
-7.660599503119235543e+00
-7.634375908883201944e+00
-7.607088302824219994e+00
-7.578668350088815231e+00
-7.549121999326015242e+00
-7.518529482687341670e+00
-7.486896748821820324e+00
-7.454155462875981186e+00
-7.420385857001346785e+00
-7.385593879846943821e+00
-7.349785480061792775e+00
-7.313040889797426836e+00
-7.275291774200367989e+00
-7.236544081919640270e+00
-7.196952328609272698e+00
-7.156448179415788147e+00
-7.115037582988211540e+00
-7.072800771478070736e+00
-7.029669410031888610e+00
-6.985723730801196574e+00
-6.940969682435013333e+00
-6.895413213582367362e+00
-6.849134556394782081e+00
-6.802139659521287740e+00
-6.754360188108406327e+00
-6.705950657810162419e+00
-6.656917017275584492e+00
-6.607190931651196308e+00
-6.556852633088523064e+00
-6.505982353739092616e+00
-6.454586042251928113e+00
-6.402595363773555981e+00
-6.350164833958003463e+00
-6.297226117951791657e+00
-6.243859447906449311e+00
-6.190070772471003124e+00
-6.135940323796974738e+00
-6.081396986757532375e+00
-6.026581375639890936e+00
-5.971408473950410745e+00
-5.916016115702948497e+00
-5.860245000901359802e+00
-5.804232963559501357e+00
-5.748043554188733140e+00
-5.691591756295408366e+00
-5.634941120390888791e+00
-5.578006629981530295e+00
-5.521000402583687183e+00
-5.463763138201218617e+00
-5.406432670847983069e+00
-5.348923984030334644e+00
-5.291374911762134481e+00
-5.233700437549734907e+00
-5.175964111904497678e+00
-5.118155201835277168e+00
-5.060411541355932741e+00
-5.002573830470319116e+00
-4.944779903192296544e+00
-4.887019026530718513e+00
-4.829354750996943224e+00
-4.771776343599830383e+00
-4.714273071348235256e+00
-4.656908484753514266e+00
-4.599671850824525343e+00
-4.542597006671628357e+00
-4.485717789405176958e+00
-4.429053179435027410e+00
-4.372614728820790830e+00
-4.316421417972320818e+00
-4.260499655649727657e+00
-4.204860993912614475e+00
-4.149531841521094222e+00
-4.094531178885018718e+00
-4.039892843114748722e+00
-3.985635814620139161e+00
-3.931779073811048963e+00
-3.878341601097333502e+00
-3.825357233589351313e+00
-3.772844951696958660e+00
-3.720816307479762663e+00
-3.669290281347621807e+00
-3.618293282060642824e+00
-3.567844290028681531e+00
-3.517954857311346828e+00
-3.468651392668745004e+00
-3.419945448160483181e+00
-3.371863432546668982e+00
-3.324422576145142916e+00
-3.277625680555428911e+00
-3.231496082335785225e+00
-3.186027404643468675e+00
-3.141235555686487047e+00
-3.097121586972348961e+00
-3.053701406709060429e+00
-3.010968638053881374e+00
-2.968931760864566893e+00
-2.927606683349126104e+00
-2.886987028664816712e+00
-2.847081276669395145e+00
-2.807897907220620493e+00
-2.769437971826000044e+00
-2.731709950343291560e+00
-2.694714894280001882e+00
-2.658461283493888772e+00
-2.622957597842710875e+00
-2.588197460483725010e+00
-2.554189351274688491e+00
-2.520926893372860356e+00
-2.488425994986246614e+00
-2.456672850921855389e+00
-2.425675941037445771e+00
-2.395436316840523272e+00
-2.365947601488346486e+00
-2.337210846488423588e+00
-2.309227103348261867e+00
-2.281997423575368167e+00
-2.255508001976751498e+00
-2.229774746760417869e+00
-2.204783852733376293e+00
-2.180536371403134499e+00
-2.157025925926948862e+00
-2.134246139462078418e+00
-2.112198063516029567e+00
-2.090875321246060903e+00
-2.070264107459179659e+00
-2.050365473662892679e+00
-2.031173043014459445e+00
-2.012680438671136329e+00
-1.994873855439931010e+00
-1.977746916478101635e+00
-1.961293244942905911e+00
-1.945506463991600876e+00
-1.930365340080944403e+00
-1.915878353068694473e+00
-1.902016841061358043e+00
-1.888781855566443291e+00
-1.876152163040707643e+00
-1.864126915726161737e+00
-1.852712525503329655e+00
-1.841943218388236714e+00
-1.831838363696409289e+00
-1.822402474042873699e+00
-1.813662347093406124e+00
-1.805629923813283799e+00
-1.798332001868280905e+00
-1.791780522223675787e+00
-1.785987425844743903e+00
-1.780972082047011407e+00
-1.776753860146004671e+00
-1.773337272756749350e+00
-1.770741689194773150e+00
-1.768979050425351307e+00
-1.768061297413759725e+00
-1.768000371125275638e+00
-1.768808212525174728e+00
-1.770496762578733341e+00
-1.773077962251228046e+00
-1.776556324157684497e+00
-1.780943789263379706e+00
-1.786252298533589356e+00
-1.792486364583339986e+00
-1.799665356728157972e+00
-1.807786359232818940e+00
-1.816853884712349876e+00
-1.826879874132026682e+00
-1.837861411756625651e+00
-1.849817866901673158e+00
-1.862731467131445218e+00
-1.876629010111718898e+00
-1.891507580107269160e+00
-1.907364261382872961e+00
-1.924210994903807093e+00
-1.942044864934846959e+00
-1.960870384091019325e+00
-1.980699493337599870e+00
-2.001521848589115304e+00
-2.023341962460592391e+00
-2.046164347567056119e+00
-2.069986088173284333e+00
-2.094811696894301800e+00
-2.120630829644635451e+00
-2.147447999039312272e+00
-2.175267717693356584e+00
-2.204079641521296651e+00
-2.233888283138157682e+00
-2.264690726808716192e+00
-2.296484056797748252e+00
