# tt
8.934812832412186481e+02
8.427381251962661963e+02
7.931221736891660612e+02
7.544826101562915710e+02
7.263822325959745285e+02
7.069421062640153650e+02
6.940292093699843008e+02
6.861976773521301993e+02
6.823644817291376512e+02
6.814052400807767071e+02
6.836011946002070090e+02
6.871892959967301522e+02
6.920763685174324564e+02
6.973359539269340530e+02
7.043867849489191713e+02
7.129987124549561486e+02
7.220710926711959701e+02
7.324462440240174601e+02
7.425822382185446031e+02
7.531476473854080496e+02
7.641265070706014058e+02
7.751226414598133942e+02
7.864551131625546532e+02
7.982596803786746023e+02
8.100455910882498074e+02
8.222084041099249134e+02
8.345675226398883524e+02
8.470570324071888990e+02
8.598883192786116751e+02
8.724621980282772711e+02
8.855873648975403967e+02
8.987371303776084233e+02
9.118939078652376793e+02
9.256485618365300070e+02
9.391054209644630646e+02
9.527699827479190162e+02
9.667285319685952345e+02
9.808863903110415094e+02
9.951723509253337170e+02
1.009508055378225777e+03
1.023897964156937064e+03
1.038354242865865444e+03
1.052926198860659042e+03
1.067677996197465518e+03
1.082576165627489672e+03
1.097605263945912611e+03
1.112741354845971728e+03
1.127975358721404973e+03
1.143365051118199744e+03
1.158970963552656713e+03
1.174738369468079554e+03
1.190593013227333131e+03
1.206512637645033919e+03
1.222489842236298045e+03
1.238634162448245434e+03
1.255047463040011962e+03
1.271688552443987419e+03
1.288471668991062188e+03
1.305377906164376327e+03
1.322415382619200273e+03
1.339588892445579859e+03
1.356915398205191423e+03
1.374397005759211197e+03
1.392058106019565685e+03
1.409935671045524714e+03
1.428013000582232735e+03
1.446256262121176860e+03
1.464624194803595174e+03
1.483090394471224954e+03
1.501634899707078603e+03
1.520367516962765649e+03
1.539397067080920351e+03
1.558728374000676240e+03
1.578358833310917817e+03
1.598240666930671978e+03
1.618249399003033432e+03
1.638371375356489807e+03
1.658652368621528922e+03
1.679115866377887414e+03
1.699787608901114027e+03
1.720680062199242002e+03
1.741770803224866313e+03
1.763059693981329701e+03
1.784539168121727926e+03
1.806205966498638645e+03
1.828029488661082269e+03
1.849990869707812180e+03
1.872100958138584019e+03
1.894363174102901212e+03
1.916787942308841139e+03
1.939376563947523664e+03
1.962144773118890498e+03
1.985086018872135128e+03
2.008216035307198808e+03
2.031528271473273662e+03
2.055023604769803569e+03
2.078710340946479391e+03
2.102567072351994284e+03
2.126609533086290412e+03
2.150831172198560125e+03
2.175232867088246167e+03
2.199800638454290038e+03
2.224535363696134482e+03
2.249430491862972303e+03
2.274479472003994942e+03
2.299675753168396113e+03
2.325005356055116863e+03
2.350476586413850328e+03
2.376075464943538009e+03
2.401795426586124449e+03
2.427637278204803351e+03
2.453594384205272490e+03
2.479660108993228732e+03
2.505827816974367124e+03
2.532098300904634925e+03
2.558464925189728547e+03
2.584913625885094007e+03
2.611445195746677655e+03
2.638052999180176357e+03
2.664730400591285616e+03
2.691463336035452812e+03
2.718252598268624752e+03
2.745091551696496026e+03
2.771966132374514928e+03
2.798877133058625986e+03
2.825810489804277950e+03
2.852759567017164954e+03
2.879725157453235170e+03
2.906693197167933249e+03
2.933649933333000718e+03
2.960605142636100027e+03
2.987539199480189836e+03
3.014454763318975893e+03
3.041339636905666794e+03
3.068196479693968286e+03
3.095013094437089421e+03
3.121784712238486463e+03
3.148499135851366191e+03
3.175166453079687471e+03
3.201767038326406237e+03
3.228296122694980113e+03
3.254756365639115302e+03
3.281128141561771827e+03
3.307414109916653615e+03
3.333587216756470752e+03
3.359642693184678137e+03
3.385568341954485277e+03
3.411351965819097131e+03
3.436981367531723663e+03
3.462436689420780112e+03
3.487726858917523259e+03
3.512838286327921196e+03
3.537772238658440983e+03
3.562522554565298833e+03
3.587097929405212199e+03
3.611477345133898325e+03
3.635669497108074211e+03
3.659660795633706130e+03
3.683445079367013477e+03
3.707001330263708951e+03
3.730323386980013765e+03
3.753405088172142769e+03
3.776225415795813660e+03
3.798785636857493046e+03
3.821072161663148108e+03
3.843078828868996879e+03
3.864799477131255117e+03
3.886227945106140396e+03
3.907358071449867566e+03
3.928176266468407448e+03
3.948691225518475221e+03
3.968881930555787676e+03
3.988742220236561934e+03
4.008273361567265511e+03
4.027461899394808825e+03
4.046302345080129271e+03
4.064781916174857997e+03
4.082902686931126027e+03
4.100659303250815356e+03
4.118038982685557130e+03
4.135043799487481920e+03
4.151668399558469901e+03
4.167900000450153129e+03
4.183740676414665359e+03
4.199177645003634098e+03
4.214212980469191280e+03
4.228841328713220719e+03
4.243049907287349924e+03
4.256840790443712649e+03
4.270208624084189978e+03
4.283140625760411240e+03
4.295631441374259339e+03
4.307690573528114328e+03
4.319305239773609173e+03
4.330477514362872171e+03
4.341209471548038891e+03
4.351503185581235812e+03
4.361338445663846869e+03
4.370732182748501145e+03
4.379671307569139572e+03
4.388148931939172144e+03
4.396143004153818765e+03
4.403661185909297274e+03
4.410673997150579453e+03
4.417189099573883141e+03
4.423191869824675450e+03
4.428675112898677980e+03
4.433668775542858384e+03
4.438158234402686503e+03
4.442151151174381084e+03
4.445662615904409904e+03
4.448692861938745409e+03
4.451249550973603618e+03
4.453332916354954250e+03
4.454928334728268055e+03
4.456036039439512024e+03
4.456656263834654965e+03
4.456781812909417567e+03
4.456405491659517793e+03
4.455534961781176207e+03
4.454155599919859014e+03
4.452275067771787690e+03
4.449901027033180981e+03
4.447033711050007696e+03
4.443665924817986706e+03
4.439805330033336759e+03
4.435452160042027572e+03
4.430614076540277892e+03
4.425283884523807501e+03
4.419469245688834235e+03
4.413177821731577751e+03
4.406402417647756920e+03
4.399143266783340550e+03
4.391415459184799147e+03
4.383204371497599823e+03
4.374532522118463930e+03
4.365392716043108521e+03
4.355792614967752343e+03
4.345732452238366022e+03
4.335212461200918369e+03
4.324247731901877160e+03
4.312838497687213021e+03
4.300984991902894762e+03
4.288702304595390160e+03
4.275998097460919780e+03
4.262865175495202493e+03
4.249326057094956923e+03
4.235373547255900121e+03
4.221022736024506230e+03
4.206266125769007886e+03
4.191109865048222673e+03
4.175552371443234733e+03
4.159606919235626265e+03
4.143257069305980622e+03
4.126516095935883641e+03
4.109389845056667582e+03
4.091891590949915553e+03
4.074027179546962088e+03
4.055817313479640234e+03
4.037260410329034585e+03
4.018377172726978642e+03
3.999173446604805576e+03
3.979655077893848556e+03
3.959820484175193997e+03
3.939675511380171884e+03
3.919233433790368053e+03
3.898492668986866192e+03
3.877451634550749077e+03
3.856116176413351241e+03
3.834506997206506185e+03
3.812615086161045838e+03
3.790468574259056822e+03
3.768058450731370613e+03
3.745397989859572135e+03
3.722507894275494436e+03
3.699386581560221657e+03
3.676039897645087422e+03
3.652481116811675747e+03
3.628723513341568378e+03
3.604765504815851273e+03
3.580620365516107086e+03
3.556301369723920288e+03
3.531806935020372748e+03
3.507150335687049846e+03
3.482337417655285662e+03
3.457388883556911424e+03
3.432303150973013089e+03
3.407086065834924284e+03
3.381758330774477599e+03
3.356325791723006205e+03
3.330786866261595605e+03
3.305154828671829364e+03
3.279442953235288769e+03
3.253649657533060235e+03
3.227788215846725961e+03
3.201857045757369633e+03
3.175876849896826570e+03
3.149853474196428579e+03
3.123792764587509737e+03
3.097707887971893342e+03
3.071611581732362083e+03
3.045509047521685716e+03
3.019412915342887572e+03
2.993335815198987802e+03
2.967275520392508042e+03
2.941252089276720199e+03
2.915270723504394027e+03
2.889336624728304287e+03
2.863447566250968521e+03
2.837631034775909939e+03
2.811877375255399784e+03
2.786206646042709963e+03
2.760624048790612505e+03
2.735127356801625865e+03
2.709736628429024677e+03
2.684457065325578697e+03
2.659301297494310347e+03
2.634267098237738992e+03
2.609359669208638024e+03
2.584606497110527926e+03
2.559990498545430910e+03
2.535539160216867458e+03
2.511242827077109268e+03
2.487121557479427793e+03
2.463173124726345122e+03
2.439410158820881406e+03
2.415837861415808675e+03
2.392461434163898502e+03
2.369293507068172403e+03
2.346331853431150648e+03
2.323589103255856116e+03
2.301063029844809535e+03
2.278766263201032416e+03
2.256711433327545819e+03
2.234896313526871836e+03
2.213326105451781132e+03
2.192006010755045736e+03
2.170948659439686708e+03
2.150159253158475167e+03
2.129635565213933205e+03
2.109382797258831033e+03
2.089406150945942500e+03
2.069703399577786058e+03
2.050279744807134648e+03
2.031140388286759844e+03
2.012283103319182601e+03
1.993713091557174494e+03
1.975442983003757035e+03
1.957470550961450726e+03
1.939808611023453068e+03
1.922463292793405344e+03
1.905433483114876935e+03
1.888725497181684887e+03
1.872353078537896863e+03
1.856307685676830715e+03
1.840595633792303943e+03
1.825223238078134500e+03
1.810189385377890176e+03
1.795492962535138759e+03
1.781140284743697293e+03
1.767130238847134024e+03
1.753476568389516615e+03
1.740163303513912751e+03
1.727211616114640265e+03
1.714612964685016095e+03
1.702373664418859335e+03
1.690492602159736634e+03
1.678968664751216465e+03
1.667815595737365356e+03
1.657017425261252356e+03
1.646587896866944448e+03
1.636518469047759254e+03
1.626815456997515184e+03
1.617470319209529180e+03
1.608489370877619422e+03
1.599878927195603183e+03
1.591623018306548829e+03
1.583735387754523344e+03
1.576214922383094745e+03
1.569053080685581335e+03
1.562256177855799706e+03
1.555823100737318555e+03
1.549745307823454823e+03
1.544021685957777208e+03
1.538658550334102301e+03
1.533654787795998345e+03
1.528994428486533025e+03
1.524683787599524067e+03
1.520721751978538805e+03
1.517107208467146165e+03
1.513824187208412241e+03
1.510886431746406060e+03
1.508277972224194627e+03
1.505997695485345957e+03
1.504044488373427384e+03
1.502409809381756986e+03
1.501099973704152262e+03
1.500106439833930835e+03
1.499428094614660949e+03
1.499064117874126623e+03
1.499007433026728904e+03
1.499258684821335919e+03
1.499818518006815566e+03
1.500672720631535640e+03
1.501821937444364039e+03
1.503266813194168890e+03
1.505000564279567698e+03
1.507008978748928484e+03
1.509307558051619253e+03
1.511867233535507921e+03
1.514703506649962264e+03
1.517809593793600243e+03
1.521178711365039817e+03
1.524796647412648554e+03
1.528678903385794683e+03
1.532803838982595835e+03
1.537179527302170300e+03
1.541791756392885645e+03
1.546648599353859709e+03
1.551735844233460739e+03
1.557046707430306242e+03
1.562589262043514282e+03
1.568349296121452653e+03
1.574320026062739316e+03
1.580502096616242625e+03
1.586873867480079070e+03
1.593450840103618475e+03
1.600203945834727392e+03
1.607133829422274175e+03
1.614241135615126268e+03
1.621511652461651920e+03
1.628953453060969423e+03
1.636544897111195951e+03
1.644294057711450250e+03
1.652194151260348917e+03
1.660238394156510822e+03
1.668420002798553924e+03
1.676739621935345440e+03
1.685183039615254074e+03
1.693743472236896878e+03
1.702406707848642100e+03
1.711173391199358093e+03
1.720029310337411971e+03
1.728967681661421921e+03
1.737981721570006130e+03
1.747064646461782331e+03
1.756224529435868362e+03
1.765447158540632017e+03
1.774725750174691257e+03
1.784061104547747163e+03
1.793454643712834013e+03
1.802885660133068313e+03
1.812355731322317752e+03
1.821851578093950366e+03
1.831367349611581858e+03
1.840897195038830205e+03
1.850427835189062989e+03
1.859945990875646658e+03
1.869468096312949001e+03
1.878966015613836817e+03
1.888463611342927834e+03
1.897932747613088623e+03
1.907397286988937140e+03
1.916829093583339727e+03
1.926244601610664404e+03
1.935630531884277843e+03
1.944973605217548084e+03
1.954275399124341448e+03
1.963522634418025291e+03
1.972702031911967197e+03
1.981815169120034170e+03
1.990848766855593340e+03
1.999804402632511938e+03
2.008676225614407713e+03
2.017465813315147216e+03
2.026159886548097575e+03
2.034767451177377097e+03
2.043290084716851879e+03
2.051707079629639338e+03
2.060034870130106810e+03
2.068245320331121547e+03
2.076347436096801175e+03
2.084327938240512594e+03
2.092173547575622251e+03
2.099893269966248681e+03
2.107473826225758785e+03
2.114909365517768947e+03
2.122208893706396339e+03
2.129359131605009679e+03
2.136361656727475292e+03
2.143218046587660410e+03
2.149929878699431811e+03
2.156491302226407242e+03
2.162896466332204000e+03
2.169146948530688405e+03
2.175229469635229179e+03
2.181145607159692645e+03
2.186889510267696096e+03
2.192455328122856372e+03
2.197837116323529699e+03
2.203035984557272968e+03
2.208045520596132974e+03
2.212866740562405084e+03
2.217508088928635061e+03
2.221955725116619760e+03
2.226218093598903124e+03
2.230288782147533311e+03
2.234161378534555297e+03
2.237851755582764781e+03
2.241338644363707772e+03
2.244637917700180878e+03
2.247735735013978683e+03
2.250633112427397919e+03
2.253331066062735317e+03
2.255830612042284884e+03
2.258125338138094321e+03
2.260208832122208605e+03
2.262089538467173497e+03
2.263753616594785854e+03
2.265209510977590526e+03
2.266450809387633853e+03
2.267471099596962176e+03
2.268286254428370739e+03
2.268882433303656398e+03
2.269275509045613944e+03
2.269459069426289716e+03
2.269434130567979992e+03
2.269201708592980140e+03
2.268770247973836831e+03
2.268125908132344648e+03
2.267284561891301564e+03
2.266239797022751191e+03
2.264985201298740776e+03
2.263536647542066476e+03
2.261880295174523781e+03
2.260032017018907936e+03
2.257985400847266192e+03
2.255748891132142944e+03
2.253308647295335504e+03
2.250687970509889055e+03
2.247880448547849937e+03
2.244879669181263580e+03
2.241701505232926138e+03
2.238346972825133435e+03
2.234809659729931354e+03
2.231098010419866114e+03
2.227213041017233536e+03
2.223155767644329444e+03
2.218927206423449661e+03
2.214543009042677568e+03
2.209988229250247059e+03
2.205277413060679919e+03
2.200417678138246629e+03
2.195401285446718703e+03
2.190227924300118048e+03
2.184919569063215022e+03
2.179461052349531201e+03
2.173859491823337976e+03
2.168114576798656799e+03
2.162240853290008999e+03
2.156223153910915244e+03
2.150076024675896861e+03
2.143806583249225696e+03
2.137399662244422871e+03
2.130869807676009714e+03
2.124224137208257616e+03
2.117454911804937183e+03
2.110569249130320259e+03
2.103566838498427842e+03
2.096454797573531323e+03
2.089240244019902548e+03
2.081922867151561604e+03
2.074502356282530855e+03
2.067000685777581111e+03
2.059402688250233950e+03
2.051730338065259730e+03
2.043975896186431100e+03
2.036146480278018771e+03
2.028249208004293678e+03
2.020291197029526984e+03
2.012272136667740597e+03
2.004191716232955287e+03
1.996064481739692610e+03
1.987890122501974247e+03
1.979668327833820967e+03
1.971406215399503481e+03
1.963118331213544252e+03
1.954789507889464176e+03
1.946441719792033837e+03
1.938074656235275370e+03
1.929688006533209773e+03
1.921288888350108209e+03
1.912876990999991904e+03
1.904466860497382640e+03
1.896058186156301190e+03
1.887650657290769232e+03
1.879251391565057247e+03
1.870867506643437309e+03
1.862498691839930643e+03
1.854159365679941857e+03
1.845833723331412102e+03
1.837550402574665895e+03
1.829293471088527212e+03
1.821069281602570527e+03
1.812891615196620478e+03
1.804751967899752117e+03
1.796664120791788946e+03
1.788634426602305894e+03
1.780646953010127390e+03
1.772730337795577498e+03
1.764868648637481556e+03
1.757068238265412674e+03
1.749350316109447249e+03
1.741691521498157954e+03
1.734120492211870214e+03
1.726628724279657717e+03
1.719222570431095846e+03
1.711900955045507999e+03
1.704670230852470013e+03
1.697544178931805391e+03
1.690514295312588729e+03
1.683579504374144562e+03
1.676753587196297303e+03
1.670035468158371259e+03
1.663431499989941585e+03
1.656933178720081514e+03
1.650561713778866988e+03
1.644301172845121073e+03
1.638165336998669318e+03
1.632153130618835348e+03
1.626263478084943927e+03
1.620510160476819919e+03
1.614884673823537241e+03
1.609393370854670820e+03
1.604042604299794903e+03
1.598831298538233568e+03
1.593758377949311580e+03
1.588830195262603638e+03
1.584045674857433596e+03
1.579411169463376609e+03
1.574918175109507047e+03
1.570587901225899031e+03
1.566396987141127056e+03
1.562366642285265925e+03
1.558495791037639265e+03
1.554775929427322581e+03
1.551213410183889664e+03
1.547807157686665505e+03
1.544570953015473833e+03
1.541488934532819712e+03
1.538567808386678735e+03
1.535814351408706216e+03
1.533227912080307306e+03
1.530815267233138002e+03
1.528560908648104032e+03
1.526479041507110651e+03
1.524569014291563690e+03
1.522830175482867844e+03
1.521261873562429628e+03
1.519863457011653963e+03
1.518641702662196849e+03
1.517588530645213723e+03
1.516710717792359674e+03
1.516007612585040988e+03
1.515471135154412650e+03
1.515108062332130658e+03
1.514925170949849871e+03
1.514906952788476246e+03
1.515067613029915719e+03
1.515399071805323274e+03
1.515900677596104515e+03
1.516571778883665274e+03
1.517411724149410475e+03
1.518427290224996568e+03
1.519610397241578994e+03
1.520960393680562447e+03
1.522469199673102821e+03
1.524151020401106052e+03
1.525997775995727352e+03
1.528001386588122614e+03
1.530161200659696760e+03
1.532483995042106244e+03
1.534969118216755760e+03
1.537601061964551036e+03
1.540386603117148070e+03
1.543325090155951784e+03
1.546415871562368466e+03
1.549658295817802809e+03
1.553044283053410709e+03
1.556573181750597769e+03
1.560244340390769821e+03
1.564057107455332243e+03
1.568003403075440247e+03
1.572090004082749601e+03
1.576293973907915870e+03
1.580636946083094472e+03
1.585095984038941197e+03
1.589685292957361753e+03
1.594389364619260732e+03
1.599207727593920481e+03
1.604133202451875377e+03
1.609173646552035734e+03
1.614329488903061247e+03
1.619578873462863385e+03
1.624944514290851885e+03
1.630404555344937307e+03
1.635959425633780256e+03
1.641616982516290363e+03
1.647362798300629038e+03
1.653197301995456201e+03
1.659128350959681939e+03
1.665134089151217040e+03
1.671222373928971365e+03
1.677393634301605971e+03
1.683633442577280903e+03
1.689942227764656309e+03
1.696320418872393020e+03
1.702761016558901702e+03
1.709264449832841592e+03
1.715823719352624039e+03
1.722439254126908963e+03
1.729111483164356969e+03
1.735833407123378720e+03
1.742605455012633229e+03
1.749420627490532752e+03
1.756279353565736983e+03
1.763182062246905843e+03
1.770106897491949894e+03
1.777069145010029615e+03
1.784061805459555899e+03
1.791070451148688335e+03
1.798102939436337238e+03
1.805152270980913727e+03
1.812204018090578074e+03
1.819273466474490078e+03
1.826338760090560299e+03
1.833407756297699507e+03
1.840473455754317683e+03
1.847528859118825721e+03
1.854566967049633377e+03
1.861588208555401707e+03
1.868593012644789724e+03
1.875566951625959746e+03
1.882510454507570785e+03
1.889416521948033733e+03
1.896285582956008739e+03
1.903110638189906240e+03
1.909892116658386840e+03
1.916623019019860976e+03
1.923296451229011836e+03
1.929905940425618383e+03
1.936459975746231521e+03
1.942952189626902509e+03
1.949376214503683514e+03
1.955725682812626019e+03
1.962016512040530642e+03
1.968234906273200068e+03
1.974381926296934807e+03
1.980451204547786801e+03
1.986443801812057245e+03
1.992353350525798078e+03
1.998180911475310495e+03
2.003912688746396270e+03
2.009549743125356144e+03
2.015093135398492905e+03
2.020529069651606960e+03
2.025866035021250354e+03
2.031082807242974241e+03
2.036195303803580373e+03
2.041189728788870298e+03
2.046059714634895499e+03
2.050813750478207112e+03
2.055438040404606909e+03
2.059933645200396313e+03
2.064309054002126686e+03
2.068557899245849967e+03
2.072681241717867124e+03
2.076680142204480035e+03
2.080548233141740184e+03
2.084294003666198932e+03
2.087903657863657827e+03
2.091385684870668683e+03
2.094726288773031683e+03
2.097926530357050524e+03
2.100972613708524932e+03
2.103873027964006724e+03
2.106621405559547838e+03
2.109203950580949368e+03
2.111636580515013520e+03
2.113905499447540478e+03
2.116019196515082967e+03
2.117971304153692017e+03
2.119762883149669506e+03
2.121387565939066008e+03
2.122853841658433794e+03
2.124162771094074287e+03
2.125307986682038973e+03
2.126297977558879211e+03
2.127126376160646032e+03
2.127794174737844514e+03
2.128309519748040657e+03
2.128658204062251116e+03
2.128848305602245546e+03
2.128865617239042422e+03
2.128703360193909248e+03
2.128362184038365285e+03
2.127842738343928431e+03
2.127138244331867554e+03
2.126249351573700551e+03
2.125176709640945774e+03
2.123935824805621905e+03
2.122519918288996450e+03
2.120937068012839063e+03
2.119195351898917579e+03
2.117295419518750350e+03
2.115230492093605790e+03
2.113001219195001795e+03
2.110600822044207689e+03
2.108022521862491431e+03
2.105259539871121433e+03
2.102312525641615593e+03
2.099174700395242780e+03
2.095854142053771284e+03
2.092358928538969394e+03
2.088689709422355463e+03
2.084854562625698691e+03
2.080854137720516064e+03
2.076703940978826722e+03
2.072404621972148561e+03
2.067956830272000843e+03
2.063353787099651527e+03
2.058588713676368570e+03
2.053669687923921174e+03
2.048582502713326903e+03
2.043320379265854626e+03
2.037891395503272634e+03
2.032303629347349215e+03
2.026542873669102619e+03
2.020639491441051632e+03
2.014586703884463986e+03
2.008392588921108654e+03
2.002057796122503987e+03
1.995605260110917925e+03
1.989013345407119687e+03
1.982297558283126591e+03
1.975443691609957796e+03
1.968459823309381136e+03
1.961339174602665707e+03
1.954074966711078559e+03
1.946682539982385833e+03
1.939154286016583910e+03
1.931497287189917870e+03
1.923711197528380808e+03
1.915817956108717226e+03
1.907802360256421025e+03
1.899686349048235797e+03
1.891469576510156003e+03
1.883151696668174736e+03
1.874732363548287140e+03
1.866218659526736019e+03
1.857602810279265668e+03
1.848899326532370424e+03
1.840100433961793897e+03
1.831205786593530547e+03
1.822229895154073347e+03
1.813157556968917106e+03
1.803995854414305086e+03
1.794751869866481002e+03
1.785417829001190285e+03
1.776000814194675741e+03
1.766507907823181313e+03
1.756931335562451295e+03
1.747285608138979569e+03
1.737570379578759685e+03
1.727792732258036267e+03
1.717952320202802639e+03
1.708071082489802848e+03
1.698133816444531476e+03
1.688155032793481269e+03
1.678126957212396746e+03
1.668064100427772928e+03
1.657958688115351833e+03
1.647810374301128604e+03
1.637626241361347411e+03
1.627405943322001121e+03
1.617149134209084195e+03
1.606870324749091424e+03
1.596554312267515343e+03
1.586223035841100227e+03
1.575868721145590825e+03
1.565498450557230854e+03
1.555111878102013407e+03
1.544723514506433048e+03
1.534318157095983906e+03
1.523917744947409346e+03
1.513514503736453889e+03
1.503115515839361251e+03
1.492727863632375147e+03
1.482351201141490037e+03
1.471985074977883869e+03
1.461643458793972513e+03
1.451325362126857954e+03
1.441029794513639672e+03
1.430763193841669136e+03
1.420524569648046509e+03
1.410327788170373196e+03
1.400164430595498516e+03
1.390040934810775070e+03
1.379956310353302342e+03
1.369916995110431117e+03
1.359929426969512861e+03
1.349992615467647283e+03
1.340105570141935686e+03
1.330267300529478689e+03
1.320491672867876787e+03
1.310770268343980888e+03
1.301102096494891839e+03
1.291501023558209909e+03
1.281966059071036398e+03
1.272488784220221532e+03
1.263083065243366264e+03
1.253755340027820921e+03
1.244489761410186929e+03
1.235307623978314496e+03
1.226200508919054300e+03
1.217174854119757356e+03
1.208237097467773765e+03
1.199386248500205284e+03
1.190621316754151621e+03
1.181941311766713852e+03
1.173360099775492699e+03
1.164869261967339298e+03
1.156475236229603524e+03
1.148177032099386679e+03
1.139973659113788926e+03
1.131871555160161961e+03
1.123869729775605265e+03
1.115974620847470533e+03
1.108177809562607763e+03
1.100493162158618361e+03
1.092912259822352553e+03
1.085441540441161123e+03
1.078080013552144919e+03
1.070834117042654498e+03
1.063695432099540540e+03
1.056677824960404223e+03
1.049772876812095546e+03
1.042979597191715584e+03
1.036311852336865059e+03
1.029761268312151060e+03
1.023327079043457275e+03
1.017015991684673281e+03
1.010819856689189010e+03
1.004752809561144431e+03
9.988067007539295901e+02
9.929882374214341780e+02
9.872892700170478975e+02
9.817165056946607820e+02
9.762766516081630925e+02
9.709615582109441903e+02
9.657779326568943361e+02
9.607250537496532843e+02
9.558022002928610164e+02
9.510086510901570591e+02
9.463436849451816215e+02
9.418140090118245098e+02
9.374114737434758808e+02
9.331427862940253135e+02
9.290072254671126757e+02
9.249966417161281242e+02
9.211177421949612381e+02
9.173698057072521124e+02
9.137595394068905534e+02
9.102713653970166661e+02
9.069119908315199154e+02
9.036881228642904489e+02
9.005916119487181959e+02
8.976217368884430243e+02
8.947852048373548541e+02
8.920738662488435011e+02
8.894869999265486058e+02
8.870238846741107182e+02
8.846912276454190760e+02
8.824808792938639499e+02
8.803921184230850940e+02
8.784316521869723147e+02
8.765913310389157687e+02
8.748704337825550965e+02
8.732682392215303935e+02
8.717840261594813001e+02
8.704245017502978499e+02
8.691740880971200340e+02
8.680469207040875972e+02
8.670274216743403031e+02
8.661222981617684127e+02
8.653308289700114528e+02
8.646522929027095188e+02
8.640785404132524263e+02
8.636162786555302091e+02
8.632500713725186188e+02
8.629947622675376806e+02
8.628356232827436543e+02
8.627802114110420462e+02
8.628137985945895707e+02
8.629513701765417863e+02
8.631781980990550665e+02
8.635018393550351448e+02
8.639224225871383851e+02
8.644252197375202513e+02
8.650252161493375525e+02
8.657076837647458660e+02
8.664727512264012148e+02
8.673354038774598394e+02
8.682734853098278336e+02
8.693019808666606423e+02
8.704210191906151977e+02
8.716158722238468499e+02
8.728940969592621286e+02
8.742558220395163744e+02
8.756937477570164674e+02
8.772080027544179757e+02
8.787838589738770452e+02
8.804363017585498028e+02
8.821431747003421151e+02
8.839194631424101090e+02
8.857504390269097030e+02
8.876362309964972610e+02
8.895918243943282278e+02
8.915950628123093793e+02
8.936609315935962741e+02
8.957747026803452854e+02
8.979513614157119719e+02
9.001761797418528204e+02
9.024567146516736784e+02
9.047782380873305783e+02
9.071334503412294907e+02
9.095373367565266562e+02
9.119751692753781072e+02
9.144396481901897005e+02
9.169383304938676247e+02
9.194639164788179642e+02
9.220091064374464622e+02
9.245888857129093594e+02
9.271885262473628018e+02
9.298081566834628120e+02
9.324479056638651855e+02
9.351079018312263997e+02
9.377808454779517433e+02
9.404668652466982621e+02
9.431587622436429683e+02
9.458571691803015256e+02
9.485628195819610937e+02
9.512764469739086053e+02
9.539839281809311160e+02
9.566934250785659515e+02
9.593982428418501058e+02
9.620991149960706252e+02
9.647893467162645038e+02
9.674770998779691809e+02
9.701556796562214231e+02
9.728258195763085041e+02
9.754808248132677591e+02
9.781214288923857794e+02
9.807409369887001276e+02
9.833475109777474472e+02
9.859270276843152487e+02
9.884950773341904551e+02
9.910301084019102973e+02
9.935477111132615846e+02
9.960337622930317139e+02
9.984964238167575559e+02
1.000921572509226621e+03
1.003317370245975667e+03
1.005677122202041915e+03
1.008008990252962121e+03
1.010298851223523798e+03
1.012554866989264042e+03
1.014762914374969796e+03
1.016938583606428210e+03
1.019067751508426340e+03
1.021151151606251460e+03
1.023189517425190502e+03
1.025183582490530625e+03
1.027126651977308939e+03
1.029019459410812487e+03
1.030862738316328432e+03
1.032649793868893767e+03
1.034381359593795878e+03
1.036058169016321699e+03
1.037680955661758162e+03
1.039243024705142716e+03
1.040745109671762066e+03
1.042187944086903599e+03
1.043572261475854475e+03
1.044891367013651234e+03
1.046153422575831883e+03
1.047351733337432734e+03
1.048479604473491236e+03
1.049552626209794653e+03
1.050549225877582330e+03
1.051484887986154490e+03
1.052345362500513829e+03
1.053146112786663025e+03
1.053872888809604319e+03
1.054526297234840968e+03
1.055114373078125254e+03
1.055622866304459876e+03
1.056067240279847510e+03
1.056433244969290627e+03
1.056728915388542418e+03
1.056947429852855066e+03
1.057096823377981082e+03
1.057170274279173555e+03
1.057168389221935058e+03
1.057091774871768166e+03
1.056941037894175224e+03
1.056716784954659033e+03
1.056412194368472683e+03
1.056027872801118292e+03
1.055571855268348827e+03
1.055037320085416695e+03
1.054424873917824925e+03
1.053742551781325801e+03
1.052976103640921792e+03
1.052126136162116154e+03
1.051208112710911109e+03
1.050215211602559521e+03
1.049140611152313795e+03
1.047999774726176838e+03
1.046778452289151119e+03
1.045484678856989149e+03
1.044119061095193956e+03
1.042674777319018176e+03
1.041159862544214093e+03
1.039574923436284507e+03
1.037913138310482509e+03
1.036182542182559928e+03
1.034383741718020019e+03
1.032502486881865252e+03
1.030561669390348470e+03
1.028547039208471688e+03
1.026466631351988326e+03
1.024313624136150565e+03
1.022096052576711259e+03
1.019814523339172865e+03
1.017469643089038186e+03
1.015054590141559970e+03
1.012577399512490842e+03
1.010038677867333035e+03
1.007438925108740818e+03
1.004778214087971833e+03
1.002063939243684786e+03
9.992812099637887968e+02
9.964448490371927392e+02
9.935473942020553295e+02
9.905962398970357299e+02
9.875913522105427091e+02
9.845326972309849225e+02
9.814202410467718209e+02
9.782539497463121734e+02
9.750412177682645734e+02
9.717745828507881924e+02
9.684614394325415105e+02
9.651017536019340923e+02
9.616880630971241999e+02
9.582277623567711089e+02
9.547208174692838156e+02
9.511746228733209136e+02
9.475817163070414608e+02
9.439494922091041644e+02
9.402779166679182481e+02
9.365669557718927081e+02
9.328165756094358585e+02
9.290267422689570367e+02
9.252048501891151773e+02
9.213508654583187081e+02
9.174573258147272554e+02
9.135390540472492376e+02
9.095885878940435987e+02
9.056058934435193351e+02
9.015983651343352676e+02
8.975659690549002789e+02
8.935086712936234790e+02
8.894264379389136366e+02
8.853192350791797480e+02
8.811944571530804069e+02
8.770520702490247231e+02
8.728920404554218067e+02
8.687069055104302606e+02
8.645189165532088964e+02
8.603131829716669472e+02
8.560970992044633476e+02
8.518780596902563502e+02
8.476486021672058087e+02
8.434086927237199234e+02
8.391657257984577427e+02
8.349270958300782013e+02
8.306853405567404707e+02
8.264404260668530924e+02
8.221996637350143828e+02
8.179626043293289968e+02
8.137287155538410843e+02
8.095048934628445068e+02
8.052831774101337032e+02
8.010704634500020802e+02
7.968662192864941289e+02
7.926773409739038243e+02
7.885032962162750891e+02
7.843361243674017942e+02
7.801827214815783691e+02
7.760499836130986751e+02
7.719299501157564691e+02
7.678295170438460673e+02
7.637555804516613307e+02
7.596927513427464191e+02
7.556553541216453596e+02
7.516428564924020748e+02
7.476547261590607150e+02
7.436830024754151509e+02
7.397494381962595753e+02
7.358312159748878685e+02
7.319500885660942231e+02
7.280906669734225716e+02
7.242672756014169408e+02
7.204719538038713154e+02
7.167115976350796700e+02
7.129856747990861550e+02
7.093010813501847451e+02
7.056498566421695386e+02
7.020314683790844583e+02
6.984528126152235927e+02
6.949207854048810304e+02
6.914199977516007039e+02
6.879647740599265262e+02
6.845471536836528230e+02
6.811740326770733418e+02
6.778448787442321191e+02
6.745591595891734187e+02
6.713163429159411635e+02
6.681233247788292147e+02
6.649795728818818361e+02
6.618771265788928986e+02
6.588228819241563770e+02
6.558163066217165351e+02
6.528642967258672343e+02
6.499588915904025725e+02
6.471069872696162975e+02
6.443006231173029619e+02
6.415541235380061380e+02
6.388521109359477350e+02
6.362015383688096790e+02
6.336093702949515318e+02
6.310677144722330922e+02
6.285835353590139221e+02
6.261563690634038721e+02
6.237857516935124522e+02
6.214712193574493995e+02
6.192048798130742853e+02
6.170085542192467756e+02
6.148594936333265650e+02
6.127720908639233812e+02
6.107458820191467339e+02
6.087729748568564219e+02
6.068603338354120069e+02
6.050000667126731742e+02
6.032065662972496511e+02
6.014719403470008956e+02
5.997957249700368720e+02
5.981774562744670902e+02
5.966166703684011736e+02
5.951203317101987977e+02
5.936805480577196477e+02
5.922961126840482393e+02
5.909739900475444756e+02
5.897114877512428848e+02
5.885081419032532040e+02
5.873634886116849430e+02
5.862770639846480663e+02
5.852491469652769638e+02
5.842792736616811453e+02
5.833669801819706890e+02
5.825118026342548774e+02
5.817132771266436748e+02
5.809716826022715850e+02
5.802858123342232375e+02
5.796559452656333633e+02
5.790808746695865921e+02
5.785601366541926609e+02
5.780947529976110673e+02
5.776827741379015606e+02
5.773237361831738781e+02
5.770171752415375295e+02
5.767633702561273594e+02
5.765596288299777825e+02
5.764069727412487509e+02
5.763034524279996731e+02
5.762493468333653936e+02
5.762427063954053210e+02
5.762830672222294197e+02
5.763700471818037840e+02
5.765028483464959663e+02
5.766807545485301034e+02
5.769030496201302185e+02
5.771712458985956573e+02
5.774823987110753478e+02
5.778372775598435283e+02
5.782351662771242218e+02
5.786753486951417926e+02
5.791563658110951565e+02
5.796789871272585515e+02
5.802417536408310070e+02
5.808439491840367737e+02
5.814848575890999882e+02
5.821637626882444465e+02
5.828799483136946264e+02
5.836326982976746649e+02
5.844212964724085850e+02
5.852450266701205237e+02
5.861024298880095103e+02
5.869935327933249027e+02
5.879176192182906107e+02
5.888724873250810106e+02
5.898581637809448921e+02
5.908731895830817393e+02
5.919168485637153481e+02
5.929884245550701962e+02
5.940864585543450858e+02
5.952094915587393871e+02
5.963575502355020035e+02
5.975291755818323054e+02
5.987221657599043283e+02
5.999372902719921967e+02
6.011723472802699462e+02
6.024258777819368333e+02
6.036979084442419889e+02
6.049862374293594485e+02
6.062908914045383426e+02
6.076096685319529342e+02
6.089411098088022527e+02
6.102852419023354287e+02
6.116398629747267250e+02
6.130042568581999376e+02
6.143762217149295566e+02
6.157557842121643716e+02
6.171407425120789867e+02
6.185303804468971975e+02
6.199224961787931534e+02
6.213171163750158712e+02
6.227120391977397276e+02
6.241066159785532363e+02
6.254997252114774255e+02
6.268925413949729091e+02
6.282765821721751536e+02
6.296626788968700339e+02
6.310438348822427770e+02
6.324204817917293440e+02
6.337930512887650139e+02
6.351545466865351273e+02
6.365053996484757590e+02
6.378460418380223018e+02
6.391843332688603141e+02
6.405058489039251981e+02
6.418184487569026260e+02
6.431225644912283315e+02
6.444037710698377168e+02
6.456773568566662789e+02
6.469363251648998130e+02
6.481736793077238872e+02
6.494047076490738846e+02
6.506075568016353827e+02
6.517975151293439922e+02
6.529675859453853946e+02
6.541182009131949826e+02
6.552423633459585517e+02
6.563479332573614329e+02
6.574353423108393599e+02
6.584975938195777871e+02
6.595351194470123346e+02
6.605409225063286840e+02
6.615302913614623321e+02
6.624888009753487950e+02
6.634168830114234652e+02
6.643149691331224176e+02
6.651909193541307559e+02
6.660377369876341618e+02
6.668484253468183169e+02
6.676308444453688935e+02
6.683779975964711184e+02
6.690977448138107775e+02
6.697830894105733250e+02
6.704344630501944948e+02
6.710597257463598453e+02
6.716444524620046650e+02
6.721890748605649151e+02
6.727014529557260403e+02
6.731820184109235470e+02
6.736163461890928374e+02
6.740197246541698632e+02
6.743777287690897992e+02
6.747056411294572627e+02
6.749890078565507565e+02
6.752356543540682878e+02
6.754459776754571294e+02
6.756129465239149567e+02
6.757369579528894974e+02
6.758184090158280242e+02
6.758651251164284304e+02
6.758626466076379984e+02
6.758262272434045599e+02
6.757414073766756246e+02
6.756160124111487448e+02
6.754430110500214823e+02
6.752302286969913894e+02
6.749706340552561414e+02
6.746720525285134045e+02
6.743274528199603992e+02
6.739446603332950190e+02
6.735166437717147119e+02
6.730438001886673192e+02
6.725265266376000000e+02
6.719652201719605955e+02
6.713677061954467717e+02
6.707195250610060384e+02
6.700285021723356067e+02
6.692950345828834315e+02
6.685120909958471884e+02
6.676874968149242022e+02
6.668216490935622005e+02
6.659149448852085698e+02
6.649603528930612129e+02
6.639656985208175684e+02
6.629239504716750844e+02
6.618429341493313132e+02
6.607156182569841576e+02
6.595498281983308289e+02
6.583385326765692298e+02
6.570821287451466333e+02
6.557884418077609325e+02
6.544578689178594004e+02
6.530833787786399398e+02
6.516653684435498235e+02
6.502042349660368927e+02
6.487078037497985861e+02
6.471690434980323516e+02
6.455883512641860307e+02
6.439735524519571754e+02
6.423176157645431203e+02
6.406209382553918203e+02
6.388913453282004866e+02
6.371291703593051352e+02
6.353270636663445430e+02
6.334850402400958274e+02
6.316105434215858168e+02
6.297035882015918560e+02
6.277641895708909487e+02
6.257923625202599851e+02
6.237806936902261441e+02
6.217366264218165952e+02
6.196601757058078874e+02
6.175513565329778203e+02
6.154101838941029428e+02
6.132366727799603723e+02
6.110308381813272263e+02
6.087926950889806221e+02
6.065296868439475020e+02
6.042344000867550449e+02
6.019142781584300792e+02
5.995619076994998977e+02
5.971773037007415041e+02
5.947753378534318927e+02
5.923411684478481902e+02
5.898748104747672869e+02
5.873911356254665179e+02
5.848753021902226692e+02
5.823421818603129623e+02
5.797843612762642351e+02
5.772018554288539463e+02
5.746021076591088104e+02
5.719777046075558928e+02
5.693360896152223631e+02
5.666698493226351729e+02
5.639864270708217191e+02
5.612932662008084890e+02
5.585755250028730643e+02
5.558480751682922119e+02
5.530960749873430586e+02
5.503343961513025988e+02
5.475630536509478361e+02
5.447709199516810941e+02
5.419691525696542840e+02
5.391562808255943082e+02
5.363330625453033917e+02
5.334995127195585383e+02
5.306571320091868529e+02
5.278066782399903332e+02
5.249496520727960842e+02
5.220860684983809961e+02
5.192174281775724012e+02
5.163444889361721835e+02
5.134679513013578571e+02
5.105897722758581949e+02
5.077088802236777951e+02
5.048264320138957828e+02
5.019435845155917377e+02
4.990600089277947973e+02
4.961761192845592632e+02
4.932930724549648289e+02
4.904112824730655120e+02
4.875311633729155574e+02
4.846531291885697215e+02
4.817798224591570033e+02
4.789101715486820012e+02
4.760460761612488909e+02
4.731886931659370248e+02
4.703376937617757108e+02
4.674942348178444149e+02
4.646594732032223760e+02
4.618330801169391293e+02
4.590162124280737999e+02
4.562092841706808031e+02
4.534127093788143270e+02
4.506269020865290713e+02
4.478530191629041610e+02
4.450914746419939547e+02
4.423434253928776343e+02
4.396085426145849624e+02
4.368879831761949504e+02
4.341829039467869507e+02
4.314929761253903848e+02
4.288193565810846621e+02
4.261617165128990905e+02
4.235219556249377888e+02
4.208997451162304628e+02
4.182954990208313006e+02
4.157103742078194841e+02
4.131432990411996684e+02
4.105969160601009662e+02
4.080708964635527991e+02
4.055656542856094688e+02
4.030816035603253908e+02
4.006206439918047977e+02
3.981817039440521171e+02
3.957666831211717522e+02
3.933745098871680170e+02
3.910070839461450305e+02
3.886648193321574354e+02
3.863466444092094889e+02
3.840544588814055373e+02
3.817879339477747180e+02
3.795474819675748677e+02
3.773335086008758594e+02
3.751471606679762658e+02
3.729873564840992231e+02
3.708552428695430763e+02
3.687512238095812336e+02
3.666757032894869326e+02
3.646290852945334677e+02
3.626117738099942471e+02
3.606234299861174577e+02
3.586644578081764507e+02
3.567360040964696850e+02
3.548369871662204105e+02
3.529692966727518524e+02
3.511318509312874312e+02
3.493257967621253783e+02
3.475500524804891711e+02
3.458057649066769272e+02
3.440933380259620549e+02
3.424116901535678039e+02
3.407627109448176839e+02
3.391445758799099508e+02
3.375584317791427225e+02
3.360046826277894070e+02
3.344829895760985323e+02
3.329930137743180580e+02
3.315359020427466703e+02
3.301113155316324423e+02
3.287196582262487823e+02
3.273598484418189400e+02
3.260330329986413176e+02
3.247388730469642155e+02
3.234770297370358776e+02
3.222471642191047181e+02
3.210489376434190376e+02
3.198834968302770108e+02
3.187497600949021717e+02
3.176473885875427641e+02
3.165767862934719687e+02
3.155376143629383137e+02
3.145295339461900426e+02
3.135529490285003931e+02
3.126067779250927288e+02
3.116914246212404009e+02
3.108065502671917102e+02
3.099510731781699633e+02
3.091261401744735053e+02
3.083306695713255863e+02
3.075635796839496265e+02
3.068267601676687946e+02
3.061176898734241831e+02
3.054370038153272731e+02
3.047846403782320408e+02
3.041605379469926902e+02
3.035646349064632545e+02
3.029961268064728870e+02
3.024556948669006715e+02
3.019425346375757613e+02
3.014565845033521327e+02
3.009977828490840466e+02
3.005660680596255361e+02
3.001613785198306346e+02
2.997829097795286089e+02
2.994306002235734354e+02
2.991043882368192612e+02
2.988042122041200628e+02
2.985292676753052206e+02
2.982794930352286542e+02
2.980540838337194032e+02
2.978529784556317281e+02
2.976761152858196056e+02
2.975226898741121886e+02
2.973926406053636811e+02
2.972851630294030087e+02
2.972001955310843755e+02
2.971376764952619283e+02
2.970960586367396559e+02
2.970760231753966991e+02
2.970767656610622112e+02
2.970974816435652883e+02
2.971381095077599639e+02
2.971978448034754479e+02
2.972758830805406660e+02
2.973729055588349297e+02
2.974873649531622846e+02
2.976184568133517132e+02
2.977668623592825270e+02
2.979310343057586010e+02
2.981109110376341391e+02
2.983056881047382944e+02
2.985145610569001633e+02
2.987374682789737790e+02
2.989736053207883515e+02
2.992229105671978004e+02
2.994838367330063988e+02
2.997563222030681800e+02
3.000395625272122402e+02
3.003327532552677326e+02
3.006358327720888042e+02
3.009472537924793869e+02
3.012670007956907625e+02
3.015952426385620129e+02
3.019299657672543731e+02
3.022728708030541611e+02
3.026219441921223847e+02
3.029766580506703804e+02
3.033379701649593017e+02
3.037046098161753775e+02
3.040767919555547678e+02
3.044532458642837582e+02
3.048341864935985086e+02
3.052183431246851910e+02
3.056066735438049591e+02
3.059979070321442123e+02
3.063915157059139460e+02
3.067869716813254968e+02
3.071844899096150243e+02
3.075835425069937514e+02
3.079828587546478502e+02
3.083826536038135373e+02
3.087823991707019786e+02
3.091815675715244538e+02
3.095796309224921288e+02
3.099768041748412202e+02
3.103718166097579001e+02
3.107648831784783283e+02
3.111554759972138413e+02
3.115438100172005420e+02
3.119278716845997224e+02
3.123078759506474853e+02
3.126847806016050981e+02
3.130558292486087453e+02
3.134219796779195804e+02
3.137827040057489398e+02
3.141374743483079328e+02
3.144857628218076684e+02
3.148270415424595399e+02
3.151615254614996502e+02
3.154886866951392221e+02
3.158072545245644278e+02
3.161174439010115975e+02
3.164194697757167773e+02
3.167113185948412593e+02
3.169946909796711907e+02
3.172668305413428129e+02
3.175294379011423302e+02
3.177812423402559148e+02
3.180209731398698523e+02
3.182495880862451827e+02
3.184665592955932993e+02
3.186713655345922689e+02
3.188635121717880452e+02
3.190432540612185903e+02
3.192101032218967589e+02
3.193643145078605130e+02
3.195046571030978271e+02
3.196313858616465495e+02
3.197440128025195349e+02
3.198435356147798529e+02
3.199279806473902568e+02
3.199983455894138160e+02
3.200533996248383914e+02
3.200933976077018883e+02
3.201185943920422119e+02
3.201285019968723873e+02
3.201233752762300924e+02
3.201019834141034721e+02
3.200645812645304318e+02
3.200121665165738136e+02
3.199427655191965414e+02
3.198581187964865080e+02
3.197569955324317448e+02
3.196389077460449926e+02
3.195055959614143717e+02
3.193550865275026922e+02
3.191876342983479162e+02
3.190042369630128292e+02
3.188036637054855191e+02
3.185861693798038345e+02
3.183520088400057375e+02
3.181006941051040258e+02
3.178324800291367183e+02
3.175468786311167264e+02
3.172441447650819555e+02
3.169237904500453169e+02
3.165875562100947604e+02
3.162342112292182037e+02
3.158640103614534951e+02
3.154772084608385967e+02
3.150740603814114706e+02
3.146548209772099653e+02
3.142190022672469922e+02
3.137668591055605702e+02
3.132979035111635540e+02
3.128138760081438363e+02
3.123128029454643979e+02
3.117956820121880810e+02
3.112635108973778983e+02
3.107143159499966600e+02
3.101505805291573665e+02
3.095710426636571810e+02
3.089765442666051740e+02
3.083671532608946109e+02
3.077421947343939337e+02
3.071017366099963510e+02
3.064465896456203495e+02
3.057760789291340870e+02
3.050902723834311132e+02
3.043892379314045797e+02
3.036737863309728596e+02
3.029432426700042811e+02
3.021976748713922234e+02
3.014378936930550026e+02
3.006632242228610039e+02
2.998752200537534804e+02
2.990732062736007606e+02
2.982572508052961666e+02
2.974281644067580714e+02
2.965860150008797973e+02
2.957308705105547801e+02
2.948627988586761717e+02
2.939818679681373510e+02
2.930888885968566910e+02
2.921831858327025770e+02
2.912663132686182621e+02
2.903368531574470808e+02
2.893963590921323998e+02
2.884448989955675415e+02
2.874817979556208343e+02
2.865086095652355880e+02
2.855246589122801879e+02
2.845307567546729501e+02
2.835269710153071401e+02
2.825141124521011875e+02
2.814915061529233640e+02
2.804607057107170363e+02
2.794217790483754698e+02
2.783740512537671066e+02
2.773190759198351998e+02
2.762569209694730716e+02
2.751869114905491074e+02
2.741106010760066169e+02
2.730280576487389794e+02
2.719386062966144095e+02
2.708438006125763877e+02
2.697429656844930719e+02
2.686376551053079424e+02
2.675271939628893278e+02
2.664131358501804243e+02
2.652948058550497308e+02
2.641737230594902712e+02
2.630497828316441655e+02
2.619228460287031339e+02
2.607935163428842316e+02
2.596623974664042862e+02
2.585293502564551318e+02
2.573942355702286591e+02
2.562576570999418095e+02
2.551194757027862750e+02
2.539802950709790252e+02
2.528399760617119796e+02
2.516991223672018521e+02
2.505575948446407040e+02
2.494159971862453062e+02
2.482749330842324582e+02
2.471342633957941928e+02
2.459945918131471672e+02
2.448557791934834142e+02
2.437184292290198186e+02
2.425824027769481006e+02
2.414483035294852300e+02
2.403167351788480630e+02
2.391868157472034113e+02
2.380591489267682448e+02
2.369350812447844135e+02
2.358137307234186721e+02
2.346957010548880191e+02
2.335815959314092254e+02
2.324720190451992039e+02
2.313660884184248232e+02
2.302658934133529840e+02
2.291705520521504980e+02
2.280806680270342781e+02
2.269961021951961584e+02
2.259174582488529666e+02
2.248453398802217009e+02
2.237788651114691447e+02
2.227193804698370911e+02
2.216660039774925792e+02
2.206200821616773169e+02
2.195814758795832802e+02
2.185500459884022746e+02
2.175271390153762354e+02
2.165118729826719459e+02
2.155048515825063191e+02
2.145066785070961828e+02
2.135179574486585068e+02
2.125370635943350806e+02
2.115660863063927764e+02
2.106041436069984911e+02
2.096518318197065867e+02
2.087097177934219303e+02
2.077768753383367368e+02
2.068546067697184014e+02
2.059427287327841896e+02
2.050418007077765026e+02
2.041508965048875268e+02
2.032713184393846859e+02
2.024021403214602230e+02
2.015454073014065557e+02
2.006987075193659678e+02
1.998640861256307062e+02
1.990413597654181785e+02
1.982303450839456502e+02
1.974308587264305288e+02
1.966427173380900513e+02
1.958672232341915276e+02
1.951041930599523084e+02
1.943527006255646938e+02
1.936140482462960790e+02
1.928880525673636726e+02
1.921737873989598597e+02
1.914725550563519505e+02
1.907834293497322449e+02
1.901077125943681096e+02
1.894444786004518448e+02
1.887942868482256813e+02
1.881569539829070834e+02
1.875322966497133450e+02
1.869201314938616747e+02
1.863217608306194677e+02
1.857362584701790524e+02
1.851634410577577512e+02
1.846031252385728294e+02
1.840558704928667169e+02
1.835222363008816160e+02
1.830005536377848898e+02
1.824921248188438483e+02
1.819960236542508198e+02
1.815128096242481774e+02
1.810422993740531581e+02
1.805850523839080211e+02
1.801401424640053222e+02
1.797073862595621847e+02
1.792873432508209532e+02
1.788798300829990353e+02
1.784846634013136679e+02
1.781016598509821733e+02
1.777306360772219591e+02
1.773721515602751992e+02
1.770245584899652158e+02
1.766892652548388014e+02
1.763654729530236978e+02
1.760538683526975774e+02
1.757536525519881820e+02
1.754655123190732127e+02
1.751886487520804678e+02
1.749230057841625694e+02
1.746700130185222406e+02
1.744281287182622293e+02
1.741972968165352995e+02
1.739782040815191237e+02
1.737700516113413585e+02
1.735727833391547961e+02
1.733870860331371944e+02
1.732121607914161530e+02
1.730479515471444643e+02
1.728944022334748922e+02
1.727521996185849957e+02
1.726198019655776932e+02
1.724978960426305719e+02
1.723864257828963389e+02
1.722845922845028213e+02
1.721938251506526285e+02
1.721118398094235147e+02
1.720393230289932376e+02
1.719769615775394982e+02
1.719232137181649591e+02
1.718787662190474066e+02
1.718435630133395193e+02
1.718168051991690106e+02
1.717976938746636222e+02
1.717876586430261057e+02
1.717851577673590668e+02
1.717908780158403488e+02
1.718040204865975795e+02
1.718245291127835515e+02
1.718523478275509433e+02
1.718866777290274115e+02
1.719274627503658053e+02
1.719746468247188034e+02
1.720281738852389992e+02
1.720879878650792705e+02
1.721525470273422513e+02
1.722225381402056712e+02
1.722979051368222656e+02
1.723778491153197194e+02
1.724623140088508251e+02
1.725505009155432390e+02
1.726423537685496115e+02
1.727385850702112009e+02
1.728377817544475761e+02
1.729400421593917940e+02
1.730454646231768265e+02
1.731541474839357875e+02
1.732654462447766548e+02
1.733794592438324855e+02
1.734962848192362799e+02
1.736152784740961863e+02
1.737365385465450629e+02
1.738601633747161088e+02
1.739847656266922797e+02
1.741119293106565920e+02
1.742402670946921432e+02
1.743691344819068831e+02
1.745001154804839132e+02
1.746318227585062459e+02
1.747636118190819730e+02
1.748970666703939969e+02
1.750300571455005070e+02
1.751634244175593835e+02
1.752972668247037689e+02
1.754301970350166187e+02
1.755630562216560975e+02
1.756959427227551203e+02
1.758274692063967564e+02
1.759577340107140344e+02
1.760868354738400114e+02
1.762141290988826938e+02
1.763404560590001040e+02
1.764644290222753398e+02
1.765868891618663667e+02
1.767071919808812765e+02
1.768246929824280755e+02
1.769402333396647862e+02
1.770524257206744778e+02
1.771621112986151445e+02
1.772686455765947926e+02
1.773713840577215421e+02
1.774711679151533872e+02
1.775673526519983625e+02
1.776592937713645028e+02
1.777463467763598430e+02
1.778300956751674278e+02
1.779084103008452189e+02
1.779828746615764317e+02
1.780521014254438796e+02
1.781154460955557397e+02
1.781744926800949713e+02
1.782271110121196784e+02
1.782748922601006711e+02
1.783164848935601015e+02
1.783520302123579597e+02
1.783816695163542363e+02
1.784055441054088647e+02
1.784230524443568413e+02
1.784335929980331912e+02
1.784380499013228700e+02
1.784358216190608175e+02
1.784270494511069671e+02
1.784111318622964575e+02
1.783882101524890800e+02
1.783576827865199164e+02
1.783204338992739793e+02
1.782758619555861515e+02
1.782233654202914295e+02
1.781645712632998482e+02
1.780973922793963027e+02
1.780234554384908563e+02
1.779414163703933980e+02
1.778521592099889688e+02
1.777558252571375306e+02
1.776510701416490292e+02
1.775387779984085341e+02
1.774190901272758936e+02
1.772906621580611386e+02
1.771543782256492534e+02
1.770103796299002568e+02
1.768580648356490883e+02
1.766975751427556531e+02
1.765297946861050207e+02
1.763533790955071368e+02
1.761684696708220201e+02
1.759759505469345697e+02
1.757752201886798105e+02
1.755664198959177043e+02
1.753489481334832476e+02
1.751236890362613963e+02
1.748900410690871752e+02
1.746481455318204894e+02
1.743974008892963070e+02
1.741386912763996975e+02
1.738721579929905658e+02
1.735971995039039086e+02
1.733146999440247100e+02
1.730240577781879097e+02
1.727246714712285041e+02
1.724181679930565849e+02
1.721039458085068929e+02
1.717821462174396174e+02
1.714521532637171788e+02
1.711147789773624197e+02
1.707693352973757044e+02
1.704158769977824193e+02
1.700544588526079224e+02
1.696858784709025656e+02
1.693087049566416340e+02
1.689244787539006722e+02
1.685317689666549654e+02
1.681321160389798308e+02
1.677240890748507240e+02
1.673092285183428771e+02
1.668861034734318025e+02
1.664555115491677952e+02
1.660182503546012356e+02
1.655728889937074939e+02
1.651202250755369221e+02
1.646610562091399288e+02
1.641939514984918276e+02
1.637204513876679925e+02
1.632398678156687879e+02
1.627515127214946062e+02
1.622569265492208501e+02
1.617554212378478269e+02
1.612477943964259453e+02
1.607326151289304619e+02
1.602114238794368930e+02
1.596835325869455176e+02
1.591497388605067727e+02
1.586100974741459027e+02
1.580646632018883508e+02
1.575134908177595605e+02
1.569566350957847192e+02
1.563941508099893838e+02
1.558275784044487864e+02
1.552547441481133603e+02
1.546771884850584229e+02
1.540957090243344112e+02
1.535088748699166104e+02
1.529174836308554291e+02
1.523215900811762822e+02
1.517212489949044141e+02
1.511172579810902903e+02
1.505096718137592688e+02
1.498978024319117424e+02
1.492831902796229713e+02
1.486651472958934050e+02
1.480437282547484017e+02
1.474197307652382847e+02
1.467924667663634750e+02
1.461627141889623545e+02
1.455304294160004019e+02
1.448955491522310410e+02
1.442580101024079227e+02
1.436184918063094074e+02
1.429761881336641238e+02
1.423325214592755117e+02
1.416859428178470921e+02
1.410386174192073554e+02
1.403889962980597943e+02
1.397385018292079621e+02
1.390863278823803171e+02
1.384331539973553618e+02
1.377781740438616396e+02
1.371228103967026755e+02
1.364662569256068423e+02
1.358091931703527848e+02
1.351508130006689896e+02
1.344925387913588963e+02
1.338328215771260545e+02
1.331738265677989830e+02
1.325140047980810891e+02
1.318540358077509893e+02
1.311953419716121800e+02
1.305356314893431033e+02
1.298770695707723064e+02
1.292188500856282474e+02
1.285616525736894857e+02
1.279054137397095445e+02
1.272493274534168535e+02
1.265948160896149375e+02
1.259410735180323542e+02
1.252887792784475067e+02
1.246378700756140461e+02
1.239890254493103896e+02
1.233421821042899893e+02
1.226965339102814312e+02
1.220535032420881976e+02
1.214130268044637972e+02
1.207750413021617391e+02
1.201394834399355318e+02
1.195070327575636071e+02
1.188768831247745936e+02
1.182504569163718884e+02
1.176269480020840206e+02
1.170062930866645701e+02
1.163891717098919685e+02
1.157755205765197388e+02
1.151660192263263554e+02
1.145598615290403615e+02
1.139577198647167222e+02
1.133594951394912016e+02
1.127658239348010341e+02
1.121758571620335090e+02
1.115909742376508262e+02
1.110095832380152387e+02
1.104330635795890458e+02
1.098613090087844171e+02
1.092934704369886276e+02
1.087309272806639200e+02
1.081728304511975267e+02
1.076198165300267391e+02
1.070717792635637409e+02
1.065286123982208153e+02
1.059902096804101888e+02
1.054572076915690815e+02
1.049295001781098051e+02
1.044069808864445719e+02
1.038895435629855797e+02
1.033778247891701483e+02
1.028709754763854818e+02
1.023703750410938085e+02
1.018751743946824035e+02
1.013860101185885156e+02
1.009027759592243569e+02
1.004253656630022107e+02
9.995367297633427484e+01
9.948759164563283264e+01
9.902775825233510432e+01
9.857406654285337311e+01
9.812566742857482893e+01
9.768394032596175691e+01
9.724803614640137539e+01
9.681859147133094723e+01
9.639475721213771919e+01
9.597716995025891151e+01
9.556646626713178705e+01
9.516105423911859873e+01
9.476231328268156062e+01
9.437013714423292754e+01
9.398367673515998888e+01
9.360356863689993645e+01
9.322970659586501085e+01
9.286124152344248728e+01
9.249955283609457979e+01
9.214453428023357162e+01
9.179533676724669533e+01
9.145185404354619152e+01
9.111472269056928042e+01
9.078383645472820263e+01
9.045909801209705847e+01
9.014044575739698928e+01
8.982782701501098188e+01
8.952193194434705958e+01
8.922196503476320117e+01
8.892787361064237928e+01
8.864034783139257456e+01
8.835859218637182266e+01
8.808329683498807583e+01
8.781440910162432090e+01
8.755113347563859350e+01
8.729416011643884588e+01
8.704343634840803645e+01
8.679890949592919469e+01
8.655978404836031359e+01
8.632749300013435345e+01
8.610124084060936411e+01
8.588097489416826136e+01
8.566589965016905239e+01
8.545744810304475436e+01
8.525482474215334605e+01
8.505797689187782851e+01
8.486759471162615398e+01
8.468213985573132163e+01
8.450304531862634860e+01
8.432877275464421984e+01
8.416075515821789566e+01
8.399819701870541166e+01
8.384030282546467561e+01
8.368850557292876147e+01
8.354200975045561961e+01
8.340076268242825108e+01
8.326396885820462046e+01
8.313306127221774489e+01
8.300650157880062352e+01
8.288572277238621666e+01
8.276918650730752347e+01
8.265758294297249620e+01
8.255011656873921311e+01
8.244822037904060608e+01
8.234961319318463779e+01
8.225572800560435383e+01
8.216651214068271258e+01
8.208117008777772128e+01
8.199964917127233832e+01
8.192189671554959318e+01
8.184786004499245848e+01
8.177748648398387843e+01
8.171072335690691091e+01
8.164751798814452854e+01
8.158783192793434580e+01
8.153094079490760748e+01
8.147687726857522250e+01
8.142641686347299412e+01
8.137810658906187200e+01
8.133346479490275271e+01
8.129178132548146607e+01
8.125308886030892097e+01
8.121667724387098986e+01
8.118332199070354704e+01
8.115305578031747302e+01
8.112516845719868286e+01
8.109894986583302057e+01
8.107591835578138273e+01
8.105536377152965599e+01
8.103731879258872084e+01
8.102107326344444971e+01
8.100665986360772308e+01
8.099485410761444371e+01
8.098494583995045559e+01
8.097696774012668186e+01
8.097095248765397457e+01
8.096693276204321421e+01
8.096419840778030164e+01
8.096278210437613154e+01
8.096345936636653562e+01
8.096477720321243510e+01
8.096751112944969009e+01
8.097169382458919529e+01
8.097735796814184539e+01
8.098379340459349862e+01
8.099103281345502126e+01
8.099836603921234257e+01
8.100731143142631652e+01
8.101641599955782169e+01
8.102645525814274663e+01
8.103671905166697798e+01
8.104724005964136779e+01
8.105805096157682499e+01
8.106918443698424426e+01
8.107993033034946961e+01
8.109106415620843222e+01
8.110187575904694768e+01
8.111239781837595331e+01
8.112266301370630117e+01
8.113196118952389213e+01
8.114106786036458629e+01
8.114927287071428452e+01
8.115735173510886113e+01
8.116385146300919473e+01
8.116955411521108488e+01
8.117452510252500986e+01
8.117735071197134289e+01
8.118033140569549744e+01
8.118131063569283867e+01
8.118110319405876396e+01
8.117978103786366262e+01
8.117667328915291591e+01
8.117185190499691316e+01
8.116613167749105173e+01
8.115884172868071289e+01
8.114931118061129212e+01
8.113835482537815835e+01
8.112604462005171513e+01
8.111170968667737213e+01
8.109542198232547605e+01
8.107725346406643041e+01
8.105727608897063874e+01
8.103481897908346809e+01
8.101069692650031584e+01
8.098423905326659167e+01
8.095551731645265647e+01
8.092534650815389341e+01
8.089231291539068991e+01
8.085723133025847176e+01
8.081943087480259180e+01
8.077972634111844741e+01
8.073744685125143405e+01
8.069340719729693490e+01
8.064619366627532315e+01
8.059662105028202461e+01
8.054476130638738596e+01
8.049068639166182493e+01
8.043372542815070858e+01
8.037395037292446887e+01
8.031143318305343826e+01
8.024698865063301412e+01
8.017920306268361230e+01
8.010889121130060175e+01
8.003612505355440021e+01
7.996023371149034631e+01
7.988203197720388005e+01
7.980084897274032585e+01
7.971675665517012987e+01
7.962982698156366723e+01
7.954087474401632107e+01
7.944848622954847883e+01
7.935347623025550945e+01
7.925517386818282262e+01
7.915439393542581570e+01
7.905120368632863403e+01
7.894490872930549585e+01
7.883555280506934082e+01
7.872317965433320808e+01
7.860857585283501692e+01
7.849029947123777617e+01
7.836987992030448424e+01
7.824587527069809312e+01
7.811981493318157277e+01
7.799025697841791782e+01
7.785798798214513283e+01
7.772230885005112100e+01
7.758400615787392951e+01
7.744238081130151841e+01
7.729821938607186382e+01
7.715156562289790543e+01
7.700097759244270890e+01
7.684798470546917315e+01
7.669263070269029470e+01
7.653347365476909658e+01
7.637204297246850615e+01
7.620763956147649765e+01
7.604104999753108984e+01
7.587083235129523473e+01
7.569851603353193070e+01
7.552340194992912359e+01
7.534479100617481606e+01
7.516421261303199230e+01
7.498096767618861236e+01
7.479584277138266657e+01
7.460739596927712114e+01
7.441641384560995220e+01
7.422294014109417049e+01
7.402701859644271565e+01
7.382943578739359225e+01
7.362874978460978070e+01
7.342574716382921451e+01
7.322121450078992666e+01
7.301445270117986297e+01
7.280476267068702612e+01
7.259367382007435765e+01
7.238122989005486829e+01
7.216598895129153846e+01
7.194948041454733811e+01
7.173100518551022731e+01
7.151134983991819638e+01
7.128981528345923380e+01
7.106644525684632185e+01
7.084202633581742248e+01
7.061585942606050992e+01
7.038797785713535404e+01
7.015985898403876320e+01
6.992925557548929305e+01
6.969837741035554757e+01
6.946572009238111889e+01
6.923200773038458067e+01
6.899722159815949851e+01
6.876060013447450103e+01
6.852361028317312730e+01
6.828474764799896946e+01
6.804547917279562341e+01
6.780430046130666710e+01
6.756267845737569644e+01
6.731985159977125477e+01
6.707580116228695033e+01
6.683125125374137099e+01
6.658544031290308851e+01
6.633909244859071919e+01
6.609144609957279215e+01
6.584396820969291753e+01
6.559515438269468746e+01
6.534572872739666138e+01
6.509641535261745560e+01
6.484570986210061960e+01
6.459507919968974932e+01
6.434376180415343072e+01
6.409173894928525783e+01
6.383973474390378300e+01
6.358773046180262156e+01
6.333496454175032397e+01
6.308216109256550652e+01
6.282930138804172060e+01
6.257636670197257445e+01
6.232408114317664172e+01
6.207094031539751455e+01
6.181841116247875334e+01
6.156573212318895116e+01
6.131362730634670299e+01
6.106133515072057349e+01
6.080957976512917895e+01
6.055834242336606366e+01
6.030760439922481453e+01
6.005660413147404597e+01
5.980680856395730416e+01
5.955819897046819023e+01
5.930927095475028921e+01
5.906223429567217664e+01
5.881558459697744468e+01
5.856930313245965891e+01
5.832485684596243658e+01
5.808073840742433447e+01
5.783840009166409857e+01
5.759631989959539311e+01
5.735594717223198558e+01
5.711650274551256956e+01
5.687869312542586897e+01
5.664248198293559966e+01
5.640709015398044812e+01
5.617248130952417995e+01
5.594010479058049157e+01
5.570918143308811210e+01
5.547893207298572804e+01
5.525154888631210071e+01
5.502476703895590759e+01
5.480003587193090908e+01
5.457657622117577745e+01
5.435509459267925081e+01
5.413555465740503081e+01
5.391792008631687594e+01
5.370141171535347269e+01
5.348747888552854590e+01
5.327534243278078918e+01
5.306496602807396101e+01
5.285631334237175594e+01
5.265009088166289075e+01
5.244551948188609458e+01
5.224330564903007712e+01
5.204341305405854712e+01
5.184580536793525596e+01
5.164970342659888303e+01
5.145655657106314607e+01
5.126558563726678841e+01
5.107675429617351881e+01
5.089002621874703891e+01
5.070610791097609393e+01
5.052496304382436421e+01
5.034581245323061438e+01
5.016936264518352573e+01
4.999483445562182027e+01
4.982293439053422901e+01
4.965436895590946875e+01
4.948761615266123215e+01
4.932338248677827153e+01
4.916200304673679256e+01
4.900314436949049224e+01
4.884699297651061300e+01
4.869343825525836422e+01
4.854259244370245341e+01
4.839434492930411125e+01
4.824880795003206657e+01
