# d_z
1.000000000000000000e+00
9.794065603581069146e-01
9.591283646678122610e-01
9.392005321026942744e-01
9.196523698472245378e-01
9.005077700866738200e-01
8.817856869182930657e-01
8.635004648588466836e-01
8.456623904717651685e-01
8.282781969243878661e-01
8.113512273051500800e-01
7.948821729675683567e-01
7.788691294104856944e-01
7.633083384864264298e-01
7.481941800424581901e-01
7.335194352414525776e-01
7.192759747989309060e-01
7.054545665950537892e-01
6.920451505075414511e-01
6.790373993877235614e-01
6.664200980634279459e-01
6.541821748675128445e-01
6.423121652081218436e-01
6.307986380504018165e-01
6.196302322964838405e-01
6.087955233397142063e-01
5.982832562283794120e-01
5.880825127516884354e-01
5.781824232191754565e-01
5.685724860838177186e-01
5.592424882267592601e-01
5.501823556603719911e-01
5.413824478070570212e-01
5.328333683705773760e-01
5.245261111410626231e-01
5.164519737508882491e-01
5.086024796353413313e-01
5.009694974176298610e-01
4.935452624740960248e-01
4.863221609618119112e-01
4.792930786393845288e-01
4.724510274389211451e-01
4.657893178958867342e-01
4.593015627601282347e-01
4.529816321422201475e-01
4.468236023141724522e-01
4.408217926557706501e-01
4.349708036521877097e-01
4.292654101291322744e-01
4.237006161883239974e-01
4.182716380916116639e-01
4.129738462053768044e-01
4.078028799150824613e-01
4.027544333485708061e-01
3.978244821149782839e-01
3.930091412822775965e-01
3.883046187653462211e-01
3.837073274077157925e-01
3.792138392740045383e-01
3.748208633431001080e-01
3.705251362525959768e-01
3.663236462502666990e-01
3.622134401799631531e-01
3.581917219002596076e-01
3.542557360407899703e-01
3.504029259819753661e-01
3.466306806416342701e-01
3.429366569057327174e-01
3.393185388120922297e-01
3.357740288331697576e-01
3.323010109426942638e-01
3.288973907003057695e-01
3.255612290489540706e-01
3.222904634610415098e-01
3.190833959523104446e-01
3.159381378629382842e-01
3.128530204841176166e-01
3.098263066180978464e-01
3.068564283536399095e-01
3.039418783989070172e-01
3.010811119829296945e-01
2.982727051625803649e-01
2.955152661980939288e-01
2.928074395538163288e-01
2.901479189532542025e-01
2.875354791218716621e-01
2.849688444045324620e-01
2.824469192654056049e-01
2.799685469209338140e-01
2.775325835372908223e-01
2.751380237693269448e-01
2.727837982531731709e-01
2.704689169579069796e-01
2.681924255402856616e-01
2.659534376983388460e-01
2.637509812472738080e-01
2.615841851612059066e-01
2.594522649856682017e-01
2.573543553618712343e-01
2.552896405594672902e-01
