# da
0.000000000000000000e+00
1.691445808406494393e+02
3.225840745715606204e+02
4.619621177545636783e+02
5.887070864431771042e+02
7.040677514939156936e+02
8.091418246723768561e+02
9.048989978089302895e+02
9.921996844343198063e+02
1.071810384083883946e+03
1.144416374363447176e+03
1.210632274511328433e+03
1.271010902220767775e+03
1.326050752681408994e+03
1.376202357779081694e+03
1.421873728772920913e+03
1.463435043572468430e+03
1.501222707004060794e+03
1.535542886962854254e+03
1.566674609414485758e+03
1.594872479562741773e+03
1.620369084162879290e+03
1.643377120189260040e+03
1.664091287288505782e+03
1.682689975225391436e+03
1.699336772519036685e+03
1.714181818409767175e+03
1.727363016989841753e+03
1.739007129617232067e+03
1.749230759488994181e+03
1.758141240384782122e+03
1.765837440027606590e+03
1.772410487190346203e+03
1.777944430556964107e+03
1.782516836391151628e+03
1.786199331243553843e+03
1.789058095219050983e+03
1.791154310709606762e+03
1.792544570961089448e+03
1.793281252372245945e+03
1.793412854010883848e+03
1.792984307468095267e+03
1.792037259849432303e+03
1.790610332416518077e+03
1.788739357139124650e+03
1.786457593192050126e+03
1.783795925229887416e+03
1.780783045093058263e+03
1.777445618437653820e+03
1.773808437637640054e+03
1.769894562178849810e+03
1.765725447648221689e+03
1.761321064317604851e+03
1.756700006227724998e+03
1.751879591593578652e+03
1.746875955276515697e+03
1.741704133999773376e+03
1.736378143936583456e+03
1.730911057018408428e+03
1.725315062303868444e+03
1.719601531374600199e+03
1.713781074581719622e+03
1.707863593859309503e+03
1.701858331584124244e+03
1.695773915801516068e+03
1.689618402109752196e+03
1.683399312469687402e+03
1.677123671183808028e+03
1.670798038267881793e+03
1.664428540419490901e+03
1.658020899770535152e+03
1.651580460595110935e+03
1.645112214129913582e+03
1.638620821651314827e+03
1.632110635941402734e+03
1.625585721264482800e+03
1.619049871965655257e+03
1.612506629794087303e+03
1.605959300045366945e+03
1.599410966609788829e+03
1.592864506006560305e+03
1.586322600477596097e+03
1.579787750208818807e+03
1.573262284741588019e+03
1.566748373632051653e+03
1.560248036411740259e+03
1.553763151898695241e+03
1.547295466904636214e+03
1.540846604380266172e+03
1.534418071037621530e+03
1.528011264485524862e+03
1.521627479911448518e+03
1.515267916340718102e+03
1.508933682501648036e+03
1.502625802323183734e+03
1.496345220089625855e+03
1.490092805275320416e+03
1.483869357080478494e+03
1.477675608687859949e+03
1.471512231258584507e+03
