# f_z
5.127837791588006899e-01
5.369403200922251429e-01
5.602701171776075517e-01
5.827298014525600367e-01
6.042886641464920716e-01
6.249275764171635661e-01
6.446378613806544866e-01
6.634200402518022344e-01
6.812826323253933225e-01
6.982408595761175896e-01
7.143155440497086506e-01
7.295320051771944092e-01
7.439190265305728467e-01
7.575080088264890543e-01
7.703321607330987364e-01
7.824258453875968522e-01
7.938239673728548773e-01
8.045615260823312243e-01
8.146731965290628930e-01
8.241930214795385456e-01
8.331541481959257034e-01
8.415886601468952621e-01
8.495274519047099071e-01
8.570000729780846704e-01
8.640347056759469790e-01
8.706581643770764378e-01
8.768958378941383858e-01
8.827717056293267195e-01
8.883084016607448730e-01
8.935271864495708538e-01
8.984481367276644370e-01
9.030899497891936578e-01
9.074702627023046864e-01
9.116055426468434586e-01
9.155111780953497647e-01
9.192016061914530800e-01
9.226902674171644225e-01
9.259897557896953346e-01
9.291118307400190179e-01
9.320674167791762610e-01
9.348667646113940632e-01
9.375194527195519489e-01
9.400343748894250950e-01
9.424198538607664322e-01
9.446836556794324657e-01
9.468330589065869773e-01
9.488748231008413692e-01
9.508152746514106912e-01
9.526603506228651375e-01
9.544155564135692327e-01
9.560860579084806687e-01
9.576767044882906754e-01
9.591920129782061100e-01
9.606362155326351182e-01
9.620132702905269673e-01
9.633269046219108400e-01
9.645805852777560307e-01
9.657775581682420674e-01
9.669209262534267380e-01
9.680134977227130566e-01
9.690580344771413390e-01
9.700570137826288741e-01
9.710128124352628287e-01
9.719277067394690439e-01
9.728037676115158794e-01
9.736429660981187340e-01
9.744471803358701889e-01
9.752181343947058378e-01
9.759575244082129286e-01
9.766668645906591006e-01
9.773476379963319527e-01
9.780012189660095556e-01
9.786289255733389147e-01
9.792319827211882766e-01
9.798115527860612461e-01
9.803687355069939935e-01
9.809045737764239270e-01
9.814200533779747770e-01
9.819161133589613399e-01
9.823935991338537121e-01
9.828533913982218095e-01
9.832962630125495762e-01
9.837229665245017518e-01
9.841341864578136978e-01
9.845306243237594845e-01
9.849129062234711629e-01
9.852816525007349613e-01
9.856374147755612158e-01
9.859807828811326669e-01
9.863122445523001547e-01
9.866322969603065207e-01
9.869414172336258284e-01
9.872400625735252566e-01
9.875286359557533533e-01
9.878075587207785224e-01
9.880772430446790322e-01
9.883379866590803475e-01
9.885902121177652102e-01
9.888342194958694709e-01
9.890703314699356152e-01
