# fsigma_8
4.107398071061992284e-01
4.212406047016064581e-01
4.304516382684632769e-01
4.384145668072521040e-01
4.451814507451187786e-01
4.508123736336573928e-01
4.553732402882273433e-01
4.589337698057093240e-01
4.615657824733040426e-01
4.633416568447840667e-01
4.643331039363656210e-01
4.646101566838213848e-01
4.642403658497472607e-01
4.632882233190946386e-01
4.618147365803247362e-01
4.598771721418040137e-01
4.575288869447373674e-01
4.548193093074776594e-01
4.517939664573704106e-01
4.484945825867464597e-01
4.449592092331211557e-01
4.412224323417880401e-01
4.373155592248378909e-01
4.332668137932785268e-01
4.291015703238622025e-01
4.248425590042806399e-01
4.205101026484159288e-01
4.161222854930524684e-01
4.116951706747820627e-01
4.072429770406088556e-01
4.027782829962601174e-01
3.983121031903891773e-01
3.938541530241806976e-01
3.894128878962641593e-01
3.849956739994124799e-01
3.806089002268233656e-01
3.762580679008447060e-01
3.719479002560616698e-01
3.676824155365249203e-01
3.634650040116023662e-01
3.592985125698375803e-01
3.551852889359092824e-01
3.511272478240808903e-01
3.471259154527185364e-01
3.431824788730231113e-01
3.392978291659524692e-01
3.354725899359319308e-01
3.317071524079682754e-01
3.280017048705588523e-01
3.243562602956072682e-01
3.207706724873136683e-01
3.172446675133455685e-01
3.137778565192798630e-01
3.103697419227071652e-01
3.070197451841624736e-01
3.037272184433628675e-01
3.004914500203769712e-01
2.973116682646025355e-01
2.941870756565128087e-01
2.911168233211310352e-01
2.881000452360868436e-01
2.851358471478041556e-01
2.822233156954219724e-01
2.793615430515639098e-01
2.765495911042632482e-01
2.737865261924771199e-01
2.710714196228131145e-01
2.684033372457191868e-01
2.657813527495559436e-01
2.632045415906437702e-01
2.606719937904587447e-01
2.581827994653905223e-01
2.557360711783478457e-01
2.533309226304606421e-01
2.509664887096459962e-01
2.486419082572768613e-01
2.463563460292586549e-01
2.441089752444997873e-01
2.418989803686431295e-01
2.397255650248692194e-01
2.375879522735020455e-01
2.354853772536613377e-01
2.334170904843105299e-01
2.313823524944466081e-01
2.293804537143240840e-01
2.274106862960314779e-01
2.254723703424691694e-01
2.235648281719976316e-01
2.216874083987604716e-01
2.198394699012363729e-01
2.180203854611762748e-01
2.162295465720344978e-01
2.144663536406916926e-01
2.127302242251020714e-01
2.110205930361387094e-01
2.093369027855625508e-01
2.076786076267833903e-01
2.060451863261336669e-01
2.044361198678835145e-01
2.028509033352322577e-01
