# h
6.820000000000000284e+01
6.947930354214611270e+01
7.083597880135425839e+01
7.226949386039007095e+01
7.377911712965251922e+01
7.536394375121336964e+01
7.702292145661654388e+01
7.875487536699584723e+01
8.055853133763423557e+01
8.243253755977931974e+01
8.437548423471177728e+01
8.638592122498356218e+01
8.846237366336434604e+01
9.060335556075307295e+01
9.280738150060517455e+01
9.507297654052717917e+01
9.739868446327955098e+01
9.978307453138187100e+01
1.022247469037308747e+02
1.047223368708974789e+02
1.072745180596564865e+02
1.098800047481787487e+02
1.125375534222987284e+02
1.152459636912491021e+02
1.180040786689079653e+02
1.208107849144361836e+02
1.236650120145373677e+02
1.265657318786890357e+02
1.295119578086963088e+02
1.325027433948795306e+02
1.355371812831337763e+02
1.386144018499603590e+02
1.417335718163284071e+02
1.448938928257999805e+02
1.480946000076834537e+02
1.513349605419823263e+02
1.546142722395127578e+02
1.579318621476903957e+02
1.612870851900822515e+02
1.646793228458087412e+02
1.681079818732156923e+02
1.715724930808642625e+02
1.750723101477668990e+02
1.786069084938867491e+02
1.821757842011903961e+02
1.857784529849601540e+02
1.894144492146221808e+02
1.930833249829912575e+02
1.967846492225728241e+02
2.005180068673664664e+02
2.042829980584812404e+02
2.080792373917860516e+02
2.119063532057637929e+02
2.157639869077245294e+02
2.196517923365315710e+02
2.235694351600218113e+02
2.275165923053370420e+02
2.314929514204327177e+02
2.354982103650886529e+02
2.395320767298064197e+02
2.435942673810454835e+02
2.476845080313204051e+02
2.518025328327478292e+02
2.559480839927036584e+02
2.601209114103176603e+02
2.643207723326033829e+02
2.685474310290807693e+02
2.728006584838184381e+02
2.770802321038797800e+02
2.813859354432153737e+02
2.857175579411020863e+02
2.900748946742792214e+02
2.944577461219861902e+02
2.988659179431509756e+02
3.032992207650222554e+02
3.077574699825879065e+02
3.122404855681538720e+02
3.167480918905015983e+02
3.212801175430744252e+02
3.258363951806784939e+02
3.304167613642155175e+02
3.350210564129918112e+02
3.396491242641793633e+02
3.443008123390273454e+02
3.489759714154477592e+02
3.536744555066255202e+02
3.583961217453169183e+02
3.631408302735275697e+02
3.679084441372781384e+02
3.726988291861796938e+02
3.775118539775609179e+02
3.823473896849082507e+02
3.872053100103816519e+02
3.920854911011989543e+02
3.969878114696825833e+02
4.019121519167769065e+02
4.068583954588593201e+02
4.118264272576747089e+02
4.168161345532331552e+02
4.218274065995218507e+02
