# sigma_8
8.009999999999998233e-01
7.845203441403952871e-01
7.682930519958619531e-01
7.523462258398729841e-01
7.367032962200290580e-01
7.213833900853857672e-01
7.064016365916372386e-01
6.917695305549108609e-01
6.774953016163952624e-01
6.635842782475745993e-01
6.500391987886701139e-01
6.368605535969230624e-01
6.240469046944968623e-01
6.115951487256329200e-01
5.995007869603048434e-01
5.877581560639664193e-01
5.763606362994058152e-01
5.653008434571052954e-01
5.545708001469187298e-01
5.441620723524662750e-01
5.340658870829794180e-01
5.242732622665979836e-01
5.147750767139316341e-01
5.055621667424969878e-01
4.966253872732690477e-01
4.879556367661695426e-01
4.795439600423570536e-01
4.713815393487260086e-01
4.634597285189396842e-01
4.557701021485292547e-01
4.483044335349869458e-01
4.410547402098388137e-01
4.340132886022562975e-01
4.271725759428856017e-01
4.205253668233371322e-01
4.140646596602545748e-01
4.077837180986887411e-01
4.016760422353268800e-01
3.957353715361403013e-01
3.899557022040111010e-01
3.843312503672017821e-01
3.788564470908731274e-01
3.735259658620286860e-01
3.683346801647528479e-01
3.632776716415194729e-01
3.583502138780169655e-01
3.535477828778682552e-01
3.488660323947564423e-01
3.443007832288872971e-01
3.398480442989097461e-01
3.355039745993438349e-01
3.312648893165432984e-01
3.271272615636440229e-01
3.230876963665369472e-01
3.191429418550981723e-01
3.152898740667588462e-01
3.115255009345319626e-01
3.078469423419856743e-01
3.042514311862223320e-01
3.007363265140351460e-01
2.972990625804286524e-01
2.939372048205174948e-01
2.906483952437421969e-01
2.874303727678877984e-01
2.842809622163201544e-01
2.811980733447688729e-01
2.781796952087037256e-01
2.752238989201227226e-01
2.723288115542903398e-01
2.694926500869445629e-01
2.667136888209649115e-01
2.639902634664954006e-01
2.613207769518180457e-01
2.587036852355242833e-01
2.561375072543605191e-01
2.536208053683929875e-01
2.511522044196424219e-01
2.487303722848283605e-01
2.463540185129964866e-01
2.440219126389136517e-01
2.417328508532751719e-01
2.394856831167026245e-01
2.372792934874483062e-01
2.351126052507730158e-01
2.329845797045446976e-01
2.308942088778287161e-01
2.288405247070212645e-01
2.268225869072811318e-01
2.248394819125866806e-01
2.228903383441461217e-01
2.209743043410097307e-01
2.190905587670248511e-01
2.172383007650879050e-01
2.154167651241999382e-01
2.136252058137848853e-01
2.118628925614236824e-01
2.101291364190178979e-01
2.084232514144988002e-01
2.067445845190407916e-01
2.050924963382123600e-01
